-0.4498	1.41669e-05
-0.4494	4.5027e-05
-0.449	2.83031e-05
-0.4486	2.19938e-05
-0.4482	3.48521e-05
-0.4478	1.89977e-05
-0.4474	4.20961e-05
-0.447	1.55861e-05
-0.4466	1.49126e-05
-0.4462	5.99376e-08
-0.4458	5.46581e-06
-0.4454	0
-0.445	7.63691e-06
-0.4446	1.0126e-05
-0.4442	5.59326e-05
-0.4438	2.98473e-05
-0.4434	1.60257e-05
-0.443	9.9677e-06
-0.4426	6.79454e-06
-0.4422	1.51855e-06
-0.4418	0
-0.4414	8.865e-06
-0.441	3.36814e-06
-0.4406	1.54373e-06
-0.4402	1.62971e-05
-0.4398	1.37843e-05
-0.4394	3.3551e-05
-0.439	5.73045e-05
-0.4386	5.54293e-05
-0.4382	2.16769e-05
-0.4378	5.47431e-05
-0.4374	2.13575e-05
-0.437	3.58012e-05
-0.4366	6.67181e-06
-0.4362	2.26412e-05
-0.4358	1.57776e-05
-0.4354	0
-0.435	0
-0.4346	0
-0.4342	0
-0.4338	0
-0.4334	4.07686e-06
-0.433	4.66813e-06
-0.4326	7.76151e-06
-0.4322	5.08032e-06
-0.4318	4.69461e-06
-0.4314	3.3558e-06
-0.431	2.08091e-05
-0.4306	2.87139e-05
-0.4302	7.62356e-06
-0.4298	1.04139e-05
-0.4294	3.02711e-06
-0.429	2.67543e-05
-0.4286	5.63244e-05
-0.4282	1.70417e-05
-0.4278	1.71187e-05
-0.4274	2.64127e-05
-0.427	6.20953e-06
-0.4266	2.28859e-05
-0.4262	3.43737e-06
-0.4258	1.84293e-05
-0.4254	9.47602e-06
-0.425	3.4478e-05
-0.4246	2.97743e-05
-0.4242	6.85621e-05
-0.4238	1.57474e-05
-0.4234	7.23008e-06
-0.423	0
-0.4226	0
-0.4222	0
-0.4218	2.87425e-05
-0.4214	2.46003e-05
-0.421	0.0282814
-0.4206	0.47718
-0.4202	1.76386
-0.4198	3.10729
-0.4194	3.72845
-0.419	5.96903
-0.4186	8.48774
-0.4182	9.99499
-0.4178	13.9283
-0.4174	18.2384
-0.417	23.468
-0.4166	25.8047
-0.4162	29.6222
-0.4158	30.2985
-0.4154	37.2318
-0.415	40.8513
-0.4146	45.8858
-0.4142	48.2379
-0.4138	54.4489
-0.4134	55.81
-0.413	61.1359
-0.4126	63.5667
-0.4122	70.8949
-0.4118	74.4908
-0.4114	79.8586
-0.411	86.5721
-0.4106	95.0424
-0.4102	97.3093
-0.4098	99.0282
-0.4094	101.027
-0.409	106.952
-0.4086	107.159
-0.4082	110.21
-0.4078	113.082
-0.4074	114.088
-0.407	118.293
-0.4066	118.925
-0.4062	120.089
-0.4058	121.707
-0.4054	118.906
-0.405	118.766
-0.4046	119.477
-0.4042	119.919
-0.4038	117.844
-0.4034	121.424
-0.403	116.24
-0.4026	121.854
-0.4022	117.957
-0.4018	120.172
-0.4014	117.3
-0.401	116.056
-0.4006	115.264
-0.4002	115.963
-0.3998	113.269
-0.3994	115.839
-0.399	111.733
-0.3986	119.584
-0.3982	117.105
-0.3978	112.931
-0.3974	111.331
-0.397	117.507
-0.3966	111.717
-0.3962	109.461
-0.3958	112.589
-0.3954	112.744
-0.395	116.09
-0.3946	111.29
-0.3942	115.008
-0.3938	114.319
-0.3934	114.056
-0.393	110.397
-0.3926	109.464
-0.3922	112.408
-0.3918	111.188
-0.3914	112.692
-0.391	111.499
-0.3906	108.98
-0.3902	109.917
-0.3898	110.399
-0.3894	113.539
-0.389	115.994
-0.3886	108.375
-0.3882	110.601
-0.3878	108.592
-0.3874	113.101
-0.387	112.702
-0.3866	110.443
-0.3862	109.625
-0.3858	113.375
-0.3854	111.088
-0.385	109.183
-0.3846	110.105
-0.3842	109.127
-0.3838	106.401
-0.3834	107.965
-0.383	105.99
-0.3826	109.869
-0.3822	113.027
-0.3818	112.286
-0.3814	112.654
-0.381	111.396
-0.3806	106.505
-0.3802	106.677
-0.3798	106.847
-0.3794	109.348
-0.379	110.141
-0.3786	106.714
-0.3782	108.675
-0.3778	111.322
-0.3774	110.958
-0.377	109.785
-0.3766	111.625
-0.3762	110.163
-0.3758	112.366
-0.3754	108.104
-0.375	110.304
-0.3746	107.206
-0.3742	109.472
-0.3738	111.347
-0.3734	112.401
-0.373	111.06
-0.3726	110.588
-0.3722	111.952
-0.3718	112.463
-0.3714	107.73
-0.371	110.364
-0.3706	110.095
-0.3702	108.19
-0.3698	112.918
-0.3694	109.984
-0.369	112.566
-0.3686	109.218
-0.3682	114.068
-0.3678	111.503
-0.3674	109.16
-0.367	112.182
-0.3666	113.193
-0.3662	111.742
-0.3658	116.544
-0.3654	117.545
-0.365	113.319
-0.3646	115.251
-0.3642	110.267
-0.3638	109.87
-0.3634	113.24
-0.363	116.678
-0.3626	112.411
-0.3622	116.889
-0.3618	113.086
-0.3614	117.251
-0.361	116.498
-0.3606	116.199
-0.3602	115.43
-0.3598	114.137
-0.3594	113.065
-0.359	112.785
-0.3586	113.708
-0.3582	116.86
-0.3578	117.117
-0.3574	112.417
-0.357	119.326
-0.3566	119.743
-0.3562	119.271
-0.3558	119.997
-0.3554	121.783
-0.355	118.431
-0.3546	118.064
-0.3542	117.527
-0.3538	117.847
-0.3534	122.458
-0.353	118.854
-0.3526	122.774
-0.3522	123.569
-0.3518	120.543
-0.3514	119.887
-0.351	121.679
-0.3506	121.932
-0.3502	123.026
-0.3498	126.086
-0.3494	126.121
-0.349	125.852
-0.3486	123.225
-0.3482	125.951
-0.3478	126.872
-0.3474	127.074
-0.347	124.586
-0.3466	124.718
-0.3462	126.117
-0.3458	126.456
-0.3454	126.309
-0.345	132.429
-0.3446	127.625
-0.3442	132.341
-0.3438	130.981
-0.3434	129.21
-0.343	128.557
-0.3426	135.984
-0.3422	133
-0.3418	127.333
-0.3414	131.653
-0.341	134.541
-0.3406	134.71
-0.3402	139.618
-0.3398	135.585
-0.3394	142.431
-0.339	131.11
-0.3386	136.16
-0.3382	138.679
-0.3378	141.752
-0.3374	140.432
-0.337	141.349
-0.3366	139.83
-0.3362	139.906
-0.3358	136.746
-0.3354	137.668
-0.335	146.251
-0.3346	143.353
-0.3342	143.754
-0.3338	148.132
-0.3334	146.451
-0.333	149.108
-0.3326	150.877
-0.3322	151.008
-0.3318	150.928
-0.3314	149.445
-0.331	146.631
-0.3306	145.987
-0.3302	149.574
-0.3298	148.77
-0.3294	151.685
-0.329	151.014
-0.3286	154.368
-0.3282	156.659
-0.3278	154.773
-0.3274	165.478
-0.327	162.829
-0.3266	161.949
-0.3262	158.904
-0.3258	160.002
-0.3254	163.521
-0.325	160.874
-0.3246	164.138
-0.3242	163.285
-0.3238	167.256
-0.3234	170.099
-0.323	164.228
-0.3226	169.767
-0.3222	168.235
-0.3218	172.679
-0.3214	174.051
-0.321	178.419
-0.3206	175.575
-0.3202	177.263
-0.3198	171.415
-0.3194	178.784
-0.319	172.125
-0.3186	177.335
-0.3182	179.87
-0.3178	180.523
-0.3174	187.825
-0.317	180.632
-0.3166	187.078
-0.3162	194.728
-0.3158	190.622
-0.3154	197.748
-0.315	191.53
-0.3146	193.049
-0.3142	195.158
-0.3138	189.606
-0.3134	193.458
-0.313	190.621
-0.3126	194.708
-0.3122	199.022
-0.3118	198.9
-0.3114	203.88
-0.311	210.953
-0.3106	216.055
-0.3102	206.457
-0.3098	204.07
-0.3094	207.176
-0.309	211.389
-0.3086	206.772
-0.3082	213.241
-0.3078	217.005
-0.3074	221.579
-0.307	221.664
-0.3066	219.728
-0.3062	222.725
-0.3058	228.846
-0.3054	214.739
-0.305	235.334
-0.3046	224.998
-0.3042	232.896
-0.3038	238.454
-0.3034	232.946
-0.303	231.526
-0.3026	237.373
-0.3022	238.927
-0.3018	242.106
-0.3014	242.68
-0.301	246.257
-0.3006	253.783
-0.3002	255.972
-0.2998	250.351
-0.2994	264.478
-0.299	253.522
-0.2986	264.361
-0.2982	260.824
-0.2978	253.255
-0.2974	262.807
-0.297	264.048
-0.2966	255.626
-0.2962	274.982
-0.2958	271.232
-0.2954	276.58
-0.295	283.134
-0.2946	277.818
-0.2942	282.439
-0.2938	286.771
-0.2934	280.466
-0.293	289.343
-0.2926	286.923
-0.2922	297.174
-0.2918	302.527
-0.2914	302.054
-0.291	312.167
-0.2906	295.549
-0.2902	294.181
-0.2898	302.067
-0.2894	313.068
-0.289	312.051
-0.2886	310.753
-0.2882	322.955
-0.2878	320.998
-0.2874	325.058
-0.287	336.498
-0.2866	319.725
-0.2862	319.774
-0.2858	326.837
-0.2854	334.617
-0.285	324.453
-0.2846	349.838
-0.2842	354.843
-0.2838	331.532
-0.2834	350.463
-0.283	354.016
-0.2826	356.606
-0.2822	352.586
-0.2818	352.251
-0.2814	366.22
-0.281	362.86
-0.2806	367.337
-0.2802	371.676
-0.2798	365.645
-0.2794	384.2
-0.279	388.707
-0.2786	385.141
-0.2782	367.779
-0.2778	374.082
-0.2774	379.939
-0.277	372.18
-0.2766	392.793
-0.2762	390.138
-0.2758	418.399
-0.2754	405.229
-0.275	394.676
-0.2746	415.072
-0.2742	413.665
-0.2738	409.5
-0.2734	405.621
-0.273	395.789
-0.2726	401.867
-0.2722	416.245
-0.2718	413.873
-0.2714	430.043
-0.271	418.001
-0.2706	414.769
-0.2702	428.884
-0.2698	433.799
-0.2694	431.384
-0.269	436.997
-0.2686	438.771
-0.2682	441.735
-0.2678	432.652
-0.2674	454.585
-0.267	441.29
-0.2666	443.814
-0.2662	448.261
-0.2658	446.358
-0.2654	448.509
-0.265	433.269
-0.2646	442.651
-0.2642	457.912
-0.2638	447.066
-0.2634	473.123
-0.263	473.305
-0.2626	467.865
-0.2622	468.531
-0.2618	471.802
-0.2614	444.823
-0.261	461.618
-0.2606	443.774
-0.2602	454.077
-0.2598	468.891
-0.2594	475.07
-0.259	470.838
-0.2586	458.371
-0.2582	479.846
-0.2578	486.592
-0.2574	458.635
-0.257	468.409
-0.2566	474.322
-0.2562	466.825
-0.2558	466.42
-0.2554	458.378
-0.255	466.756
-0.2546	474.101
-0.2542	463.845
-0.2538	461.451
-0.2534	478.343
-0.253	479.241
-0.2526	459.359
-0.2522	466.344
-0.2518	463.031
-0.2514	458.394
-0.251	458.125
-0.2506	461.884
-0.2502	477.244
-0.2498	447.797
-0.2494	450.477
-0.249	446.325
-0.2486	452.166
-0.2482	442.702
-0.2478	460.997
-0.2474	436.962
-0.247	459.068
-0.2466	465.307
-0.2462	444.983
-0.2458	450.144
-0.2454	452.043
-0.245	433.08
-0.2446	444.509
-0.2442	433.856
-0.2438	431.669
-0.2434	444.199
-0.243	438.073
-0.2426	432.925
-0.2422	455.557
-0.2418	435.028
-0.2414	417.026
-0.241	420.83
-0.2406	426.282
-0.2402	415.969
-0.2398	413.886
-0.2394	407.025
-0.239	397.082
-0.2386	412.49
-0.2382	403.601
-0.2378	414.163
-0.2374	400.403
-0.237	402.074
-0.2366	412.64
-0.2362	387.66
-0.2358	378.921
-0.2354	376.781
-0.235	379.631
-0.2346	388.906
-0.2342	376.146
-0.2338	385.512
-0.2334	389.534
-0.233	370.122
-0.2326	380.116
-0.2322	364.014
-0.2318	368.027
-0.2314	370.504
-0.231	361.145
-0.2306	355.419
-0.2302	364.275
-0.2298	359.236
-0.2294	358.231
-0.229	350.653
-0.2286	348.911
-0.2282	350.298
-0.2278	341.802
-0.2274	339.283
-0.227	335.887
-0.2266	332.139
-0.2262	336.219
-0.2258	330.274
-0.2254	322.982
-0.225	318.892
-0.2246	330.939
-0.2242	314.087
-0.2238	310.11
-0.2234	310.667
-0.223	310.872
-0.2226	301.853
-0.2222	311.049
-0.2218	310.105
-0.2214	305.135
-0.221	301.352
-0.2206	308.537
-0.2202	300.29
-0.2198	283.679
-0.2194	279.876
-0.219	287.242
-0.2186	286.124
-0.2182	276.093
-0.2178	286.874
-0.2174	283.351
-0.217	284.181
-0.2166	269.612
-0.2162	267.869
-0.2158	268.803
-0.2154	269.53
-0.215	279.154
-0.2146	261.365
-0.2142	256.962
-0.2138	271.637
-0.2134	263.987
-0.213	267.178
-0.2126	257.353
-0.2122	248.41
-0.2118	255.764
-0.2114	246.22
-0.211	243.989
-0.2106	244.199
-0.2102	238.82
-0.2098	234.005
-0.2094	236.784
-0.209	239.278
-0.2086	242.418
-0.2082	239.832
-0.2078	239.19
-0.2074	236.633
-0.207	219.499
-0.2066	223.578
-0.2062	225.978
-0.2058	225.776
-0.2054	227.774
-0.205	221.124
-0.2046	224.928
-0.2042	218.574
-0.2038	214.386
-0.2034	220.772
-0.203	210.881
-0.2026	215.291
-0.2022	211.632
-0.2018	207.917
-0.2014	211.391
-0.201	205.739
-0.2006	208.509
-0.2002	208.698
-0.1998	197.168
-0.1994	197.587
-0.199	196.79
-0.1986	192.36
-0.1982	196.057
-0.1978	199.398
-0.1974	190.651
-0.197	197.397
-0.1966	192.748
-0.1962	195.341
-0.1958	186.693
-0.1954	185.185
-0.195	188.471
-0.1946	180.985
-0.1942	184.01
-0.1938	180.95
-0.1934	175.886
-0.193	188.004
-0.1926	186.6
-0.1922	180.986
-0.1918	180.638
-0.1914	184.771
-0.191	176.019
-0.1906	172.245
-0.1902	176.495
-0.1898	166.07
-0.1894	178.041
-0.189	173.443
-0.1886	166.5
-0.1882	171.723
-0.1878	168.739
-0.1874	168.146
-0.187	166.293
-0.1866	162.781
-0.1862	164.033
-0.1858	159.754
-0.1854	158.317
-0.185	162.519
-0.1846	157.552
-0.1842	157.333
-0.1838	154.081
-0.1834	158.595
-0.183	156.149
-0.1826	163.956
-0.1822	151.613
-0.1818	162.702
-0.1814	157.791
-0.181	152.99
-0.1806	151.378
-0.1802	155.365
-0.1798	150.709
-0.1794	148.877
-0.179	140.784
-0.1786	148.704
-0.1782	148.015
-0.1778	143.705
-0.1774	146.302
-0.177	150.592
-0.1766	142.178
-0.1762	142.564
-0.1758	143.676
-0.1754	144.008
-0.175	144.329
-0.1746	143.523
-0.1742	139.163
-0.1738	142.44
-0.1734	142.348
-0.173	140.487
-0.1726	135.342
-0.1722	136.677
-0.1718	141.954
-0.1714	135.404
-0.171	131.818
-0.1706	137.736
-0.1702	139.488
-0.1698	135.869
-0.1694	136.646
-0.169	137.984
-0.1686	126.569
-0.1682	133.064
-0.1678	132.116
-0.1674	131.414
-0.167	132.335
-0.1666	128.424
-0.1662	129.616
-0.1658	135.006
-0.1654	129.167
-0.165	129.144
-0.1646	128.792
-0.1642	124.346
-0.1638	127.14
-0.1634	125.921
-0.163	123.123
-0.1626	131.265
-0.1622	124.102
-0.1618	130.19
-0.1614	128.638
-0.161	129.433
-0.1606	129.122
-0.1602	123.063
-0.1598	123.383
-0.1594	117.543
-0.159	120.377
-0.1586	124.744
-0.1582	120.093
-0.1578	123.165
-0.1574	121.686
-0.157	122.387
-0.1566	124.138
-0.1562	122.679
-0.1558	120.816
-0.1554	119.28
-0.155	118.961
-0.1546	121.132
-0.1542	121.919
-0.1538	116.908
-0.1534	117.969
-0.153	114.617
-0.1526	121.675
-0.1522	116.251
-0.1518	119.721
-0.1514	116.25
-0.151	113.062
-0.1506	117.247
-0.1502	116.097
-0.1498	113.651
-0.1494	122.012
-0.149	116.349
-0.1486	117.481
-0.1482	115.7
-0.1478	114.521
-0.1474	112.572
-0.147	110.767
-0.1466	113.339
-0.1462	110.5
-0.1458	116.363
-0.1454	111.723
-0.145	117.251
-0.1446	116.095
-0.1442	118.132
-0.1438	114.479
-0.1434	111.771
-0.143	114.069
-0.1426	112.263
-0.1422	111.463
-0.1418	110.95
-0.1414	114.244
-0.141	113.71
-0.1406	112.38
-0.1402	111.878
-0.1398	113.468
-0.1394	111.371
-0.139	112.524
-0.1386	109.181
-0.1382	107.653
-0.1378	112.402
-0.1374	111.02
-0.137	112.292
-0.1366	109.501
-0.1362	110.879
-0.1358	113.989
-0.1354	109.021
-0.135	110.097
-0.1346	110.734
-0.1342	108.875
-0.1338	108.613
-0.1334	110.638
-0.133	109.461
-0.1326	110.632
-0.1322	114.918
-0.1318	109.251
-0.1314	107.273
-0.131	110.981
-0.1306	107.844
-0.1302	109.885
-0.1298	106.546
-0.1294	109.688
-0.129	111.383
-0.1286	111.297
-0.1282	108.82
-0.1278	112.238
-0.1274	110.159
-0.127	108.369
-0.1266	108.705
-0.1262	106.347
-0.1258	104.969
-0.1254	112.108
-0.125	110.614
-0.1246	109.223
-0.1242	111.034
-0.1238	111.29
-0.1234	112.102
-0.123	112.998
-0.1226	110.865
-0.1222	109.573
-0.1218	105.491
-0.1214	105.531
-0.121	112.915
-0.1206	109.523
-0.1202	110.911
-0.1198	112.049
-0.1194	111.671
-0.119	109.442
-0.1186	111.261
-0.1182	111.72
-0.1178	106.801
-0.1174	107.839
-0.117	109.024
-0.1166	111.686
-0.1162	109.816
-0.1158	109.616
-0.1154	111.114
-0.115	115.272
-0.1146	109.839
-0.1142	110.638
-0.1138	112.993
-0.1134	110.91
-0.113	112.149
-0.1126	111.633
-0.1122	110.436
-0.1118	113.776
-0.1114	112.488
-0.111	111
-0.1106	112.714
-0.1102	116.669
-0.1098	113.457
-0.1094	111.805
-0.109	113.061
-0.1086	113.909
-0.1082	113.31
-0.1078	113.761
-0.1074	115.24
-0.107	113.927
-0.1066	113.408
-0.1062	115.842
-0.1058	112.698
-0.1054	113.524
-0.105	116.653
-0.1046	111.08
-0.1042	116.785
-0.1038	115.836
-0.1034	115.71
-0.103	115.203
-0.1026	115.574
-0.1022	117.22
-0.1018	117.397
-0.1014	118.848
-0.101	116.523
-0.1006	117.2
-0.1002	120.831
-0.0998	122.788
-0.0994	122.571
-0.099	117.656
-0.0986	119.827
-0.0982	122.504
-0.0978	114.063
-0.0974	117.017
-0.097	122.222
-0.0966	120.221
-0.0962	119.778
-0.0958	123.044
-0.0954	122.515
-0.095	124.863
-0.0946	121.634
-0.0942	123.978
-0.0938	126.133
-0.0934	125.607
-0.093	121.084
-0.0926	119.373
-0.0922	123.339
-0.0918	122.261
-0.0914	124.122
-0.091	124.705
-0.0906	128.825
-0.0902	129.408
-0.0898	125.681
-0.0894	126.95
-0.089	129.464
-0.0886	126.755
-0.0882	129.013
-0.0878	126.408
-0.0874	132.117
-0.087	128.485
-0.0866	126.859
-0.0862	129.157
-0.0858	132.567
-0.0854	131.368
-0.085	129.907
-0.0846	132.362
-0.0842	133.315
-0.0838	130.406
-0.0834	134.307
-0.083	136.589
-0.0826	138.043
-0.0822	133.05
-0.0818	135.485
-0.0814	139.909
-0.081	130.887
-0.0806	139.587
-0.0802	139.605
-0.0798	135.569
-0.0794	142.375
-0.079	139.405
-0.0786	144.693
-0.0782	141.856
-0.0778	140.529
-0.0774	143.388
-0.077	142.939
-0.0766	137.466
-0.0762	145.879
-0.0758	137.675
-0.0754	143.105
-0.075	148.662
-0.0746	150.594
-0.0742	148.973
-0.0738	149.422
-0.0734	148.572
-0.073	147.364
-0.0726	144.291
-0.0722	152.842
-0.0718	149.958
-0.0714	150.427
-0.071	152.982
-0.0706	150.655
-0.0702	155.952
-0.0698	157.131
-0.0694	157.296
-0.069	157.061
-0.0686	157.503
-0.0682	158.675
-0.0678	163.017
-0.0674	155.239
-0.067	164.046
-0.0666	154.862
-0.0662	160.714
-0.0658	158.964
-0.0654	168.458
-0.065	166.511
-0.0646	161.75
-0.0642	163.641
-0.0638	162.878
-0.0634	171.047
-0.063	166.834
-0.0626	178.061
-0.0622	172.016
-0.0618	172.914
-0.0614	175.222
-0.061	181.823
-0.0606	172.806
-0.0602	176.336
-0.0598	175.577
-0.0594	174.093
-0.059	178.638
-0.0586	175.301
-0.0582	176.725
-0.0578	186.076
-0.0574	184.875
-0.057	184.131
-0.0566	185.515
-0.0562	193.127
-0.0558	189.623
-0.0554	187.308
-0.055	187.163
-0.0546	188.268
-0.0542	192.089
-0.0538	191.447
-0.0534	194.15
-0.053	196.349
-0.0526	200.86
-0.0522	202.065
-0.0518	200.662
-0.0514	200.655
-0.051	205.65
-0.0506	203.973
-0.0502	203.178
-0.0498	198.566
-0.0494	207.819
-0.049	210.693
-0.0486	206.484
-0.0482	215.373
-0.0478	218.1
-0.0474	213.141
-0.047	214.391
-0.0466	218.095
-0.0462	212.773
-0.0458	221.022
-0.0454	215.143
-0.045	224.366
-0.0446	229.66
-0.0442	226.349
-0.0438	231.415
-0.0434	224.197
-0.043	231.364
-0.0426	231.812
-0.0422	239.57
-0.0418	242.471
-0.0414	242.183
-0.041	237.541
-0.0406	243.015
-0.0402	241.133
-0.0398	251.398
-0.0394	244.498
-0.039	249.72
-0.0386	243.885
-0.0382	244.613
-0.0378	249.735
-0.0374	254.136
-0.037	254.838
-0.0366	259.82
-0.0362	268.147
-0.0358	265.228
-0.0354	267.803
-0.035	267.09
-0.0346	264.195
-0.0342	264.798
-0.0338	263.363
-0.0334	271.822
-0.033	277.131
-0.0326	275.289
-0.0322	284.691
-0.0318	293.452
-0.0314	284.52
-0.031	280.875
-0.0306	292.151
-0.0302	291.78
-0.0298	288.839
-0.0294	291.019
-0.029	287.976
-0.0286	294.738
-0.0282	300.455
-0.0278	305.979
-0.0274	302.274
-0.027	306.075
-0.0266	306.768
-0.0262	312.103
-0.0258	302.892
-0.0254	313.078
-0.025	314.58
-0.0246	319.74
-0.0242	329.285
-0.0238	328.349
-0.0234	325.916
-0.023	339.48
-0.0226	329.789
-0.0222	339.705
-0.0218	338.598
-0.0214	334.348
-0.021	332.876
-0.0206	342.088
-0.0202	345.125
-0.0198	348.016
-0.0194	359.514
-0.019	357.705
-0.0186	354.707
-0.0182	351.079
-0.0178	360.965
-0.0174	344.33
-0.017	371.773
-0.0166	374.022
-0.0162	370.872
-0.0158	374.574
-0.0154	370.824
-0.015	379.658
-0.0146	375.474
-0.0142	379.924
-0.0138	380.932
-0.0134	379.717
-0.013	372.314
-0.0126	386.692
-0.0122	397.458
-0.0118	395.373
-0.0114	403.256
-0.011	397.35
-0.0106	383.497
-0.0102	402.764
-0.0098	420.405
-0.0094	408.21
-0.00899999999999999	401.98
-0.0086	412.055
-0.0082	414.171
-0.00779999999999999	408.351
-0.0074	424.372
-0.007	423.298
-0.00659999999999999	427.212
-0.0062	426.769
-0.0058	445.098
-0.0054	424.465
-0.005	431.945
-0.0046	426.264
-0.0042	432.973
-0.0038	446.046
-0.0034	436.208
-0.003	443.02
-0.0026	435.242
-0.0022	448.427
-0.0018	446.784
-0.0014	450.902
-0.000999999999999994	440.372
-0.000599999999999996	449.265
-0.000199999999999999	458.083
0.000200000000000006	448.197
0.000600000000000003	457.003
0.001	446.122
0.00140000000000001	464.161
0.0018	451.654
0.0022	456.369
0.00260000000000001	460.588
0.003	455.38
0.0034	451.855
0.0038	468.048
0.0042	474.144
0.0046	457.286
0.005	460.158
0.0054	465.146
0.0058	456.055
0.0062	466.58
0.0066	486.275
0.00700000000000001	469.706
0.0074	466.873
0.0078	463.533
0.00820000000000001	476.373
0.0086	474.63
0.009	475.159
0.00940000000000001	472.5
0.0098	459.622
0.0102	479.175
0.0106	473.856
0.011	474.332
0.0114	474.73
0.0118	466.083
0.0122	471.625
0.0126	461.139
0.013	474.665
0.0134	463.836
0.0138	475.033
0.0142	472.2
0.0146	464.933
0.015	447.239
0.0154	459.24
0.0158	463.394
0.0162	464.166
0.0166	466.147
0.017	458.326
0.0174	461.491
0.0178	474.288
0.0182	455.809
0.0186	461.97
0.019	450.802
0.0194	462.125
0.0198	456.903
0.0202	434.797
0.0206	451.662
0.021	450.764
0.0214	452.113
0.0218	451.183
0.0222	462.179
0.0226	447.1
0.023	439.411
0.0234	427.601
0.0238	451.491
0.0242	445.871
0.0246	433.355
0.025	442.564
0.0254	440.116
0.0258	427.08
0.0262	436.642
0.0266	432.259
0.027	422.437
0.0274	422.747
0.0278	422.744
0.0282	415.463
0.0286	419.835
0.029	406.267
0.0294	421.971
0.0298	413.53
0.0302	421.148
0.0306	409.05
0.031	394.006
0.0314	411.656
0.0318	403.08
0.0322	396.045
0.0326	394.009
0.033	394.362
0.0334	394.998
0.0338	388.511
0.0342	383.75
0.0346	387.042
0.035	386.062
0.0354	379.316
0.0358	370.787
0.0362	372.788
0.0366	373.844
0.037	362.732
0.0374	361.103
0.0378	364.503
0.0382	359.043
0.0386	377.132
0.039	357.547
0.0394	355.087
0.0398	350.783
0.0402	349.362
0.0406	349.108
0.041	349.435
0.0414	353.213
0.0418	346.043
0.0422	342.506
0.0426	337.594
0.043	333.258
0.0434	338.74
0.0438	332.333
0.0442	324.581
0.0446	335.01
0.045	317.244
0.0454	331.752
0.0458	320.007
0.0462	314.27
0.0466	314.663
0.047	315.735
0.0474	324.459
0.0478	308.127
0.0482	300.339
0.0486	306.346
0.049	312.515
0.0494	295.804
0.0498	290.634
0.0502	300.727
0.0506	295.831
0.051	297.383
0.0514	297.762
0.0518	285.086
0.0522	285.75
0.0526	282.417
0.053	272.688
0.0534	278.543
0.0538	275.809
0.0542	275.771
0.0546	265.685
0.055	270.962
0.0554	273.602
0.0558	268.13
0.0562	270.212
0.0566	263.952
0.057	265.874
0.0574	264.252
0.0578	257.204
0.0582	256.686
0.0586	260.336
0.059	253.954
0.0594	261.693
0.0598	255.045
0.0602	248.666
0.0606	242.828
0.061	249.28
0.0614	251.374
0.0618	246.086
0.0622	235.066
0.0626	239.86
0.063	240.395
0.0634	234.796
0.0638	230.633
0.0642	229.618
0.0646	241.794
0.065	230.733
0.0654	225.806
0.0658	221.37
0.0662	219.649
0.0666	224.836
0.067	219.278
0.0674	217.086
0.0678	223.072
0.0682	221.245
0.0686	216.757
0.069	214.647
0.0694	217.216
0.0698	215.126
0.0702	212.486
0.0706	213.381
0.071	203.265
0.0714	203.636
0.0718	208.476
0.0722	205.899
0.0726	210.333
0.073	204.551
0.0734	200.802
0.0738	203.955
0.0742	201.498
0.0746	196.639
0.075	197.534
0.0754	193.469
0.0758	194.522
0.0762	193.914
0.0766	187.657
0.077	194.616
0.0774	193.704
0.0778	184.876
0.0782	186.99
0.0786	187.645
0.079	188.58
0.0794	181.171
0.0798	185.855
0.0802	181.928
0.0806	181.492
0.081	182.748
0.0814	180.355
0.0818	173.856
0.0822	175.933
0.0826	175.414
0.083	176.082
0.0834	173.874
0.0838	170.316
0.0842	171.366
0.0846	171.746
0.085	173.596
0.0854	179.047
0.0858	173.348
0.0862	165.698
0.0866	165.444
0.087	162.291
0.0874	168.068
0.0878	165.781
0.0882	160.456
0.0886	159.728
0.089	163.736
0.0894	167.623
0.0898	162.449
0.0902	162.053
0.0906	158.784
0.091	154.119
0.0914	160.527
0.0918	157.427
0.0922	156.569
0.0926	159.211
0.093	156.278
0.0934	151.584
0.0938	157.863
0.0942	151.273
0.0946	155.551
0.095	152.339
0.0954	149.556
0.0958	150.799
0.0962	150.43
0.0966	150.524
0.097	148.708
0.0974	146.803
0.0978	149.442
0.0982	153.34
0.0986	145.365
0.099	143.755
0.0994	143.263
0.0998	146.65
0.1002	143.993
0.1006	142.194
0.101	139.65
0.1014	137.773
0.1018	143.891
0.1022	141.517
0.1026	139.202
0.103	135.508
0.1034	142.218
0.1038	137.252
0.1042	136.869
0.1046	135.141
0.105	136.475
0.1054	135.553
0.1058	137.726
0.1062	138.431
0.1066	133.146
0.107	130.067
0.1074	136.407
0.1078	132.893
0.1082	134.044
0.1086	137.229
0.109	132.768
0.1094	129.404
0.1098	137.808
0.1102	131.027
0.1106	130.629
0.111	134.661
0.1114	129.554
0.1118	128.305
0.1122	130.733
0.1126	127.088
0.113	129.996
0.1134	127.291
0.1138	130.171
0.1142	128.779
0.1146	127.304
0.115	128.529
0.1154	126.441
0.1158	125.003
0.1162	124.041
0.1166	123.77
0.117	119.991
0.1174	122.379
0.1178	123.382
0.1182	127.218
0.1186	120.357
0.119	123.008
0.1194	123.671
0.1198	121.409
0.1202	121.003
0.1206	119.046
0.121	121.006
0.1214	123.368
0.1218	121.153
0.1222	123.387
0.1226	123.059
0.123	123.218
0.1234	120.621
0.1238	119.48
0.1242	117.397
0.1246	120.671
0.125	116.112
0.1254	120.677
0.1258	115.326
0.1262	118.387
0.1266	116.781
0.127	119.798
0.1274	119.481
0.1278	115.546
0.1282	117.206
0.1286	115.133
0.129	114.843
0.1294	114.223
0.1298	115.52
0.1302	117.292
0.1306	116.663
0.131	112.259
0.1314	118.48
0.1318	114.173
0.1322	114.134
0.1326	115.359
0.133	112.742
0.1334	116.024
0.1338	111.841
0.1342	114.809
0.1346	116.415
0.135	115.234
0.1354	112.989
0.1358	112.319
0.1362	114.028
0.1366	114.409
0.137	110.738
0.1374	109.473
0.1378	111.361
0.1382	113.667
0.1386	112.272
0.139	113.259
0.1394	110.547
0.1398	114.728
0.1402	115.985
0.1406	111.563
0.141	109.745
0.1414	110.429
0.1418	112.061
0.1422	113.124
0.1426	111.853
0.143	112.619
0.1434	112.763
0.1438	110.174
0.1442	110.908
0.1446	112.532
0.145	107.871
0.1454	107.145
0.1458	109.469
0.1462	112.449
0.1466	112.137
0.147	110.892
0.1474	109.978
0.1478	109.837
0.1482	111.669
0.1486	106.511
0.149	112.167
0.1494	106.654
0.1498	104.318
0.1502	109.56
0.1506	111.884
0.151	112.739
0.1514	110.021
0.1518	110.664
0.1522	110.869
0.1526	110.837
0.153	109.975
0.1534	110.022
0.1538	104.49
0.1542	109.218
0.1546	108.458
0.155	110.093
0.1554	108.213
0.1558	108.474
0.1562	110.664
0.1566	110.876
0.157	108.222
0.1574	108.627
0.1578	108.82
0.1582	106.913
0.1586	106.245
0.159	108.115
0.1594	111.206
0.1598	109.982
0.1602	111.037
0.1606	111.947
0.161	111.317
0.1614	111.19
0.1618	110.765
0.1622	110.733
0.1626	111.554
0.163	109.11
0.1634	111.65
0.1638	112.186
0.1642	107.133
0.1646	109.654
0.165	110.691
0.1654	108.911
0.1658	114.026
0.1662	111.667
0.1666	107.77
0.167	112.104
0.1674	108.633
0.1678	112.334
0.1682	109.789
0.1686	108.806
0.169	109.515
0.1694	110.433
0.1698	113.113
0.1702	110.034
0.1706	110.446
0.171	109.87
0.1714	112.636
0.1718	113.036
0.1722	115.187
0.1726	111.484
0.173	111.218
0.1734	110.954
0.1738	116.348
0.1742	110.592
0.1746	110.151
0.175	116.026
0.1754	113.424
0.1758	111.897
0.1762	111.671
0.1766	114.065
0.177	113.881
0.1774	112.28
0.1778	117.191
0.1782	112.24
0.1786	111.251
0.179	120.432
0.1794	114.431
0.1798	112.848
0.1802	115.949
0.1806	117.373
0.181	117.514
0.1814	113.615
0.1818	116.402
0.1822	118.612
0.1826	116.706
0.183	119.085
0.1834	114.108
0.1838	114.943
0.1842	117.866
0.1846	117.932
0.185	118.221
0.1854	118.191
0.1858	119.876
0.1862	118.592
0.1866	116.853
0.187	120.821
0.1874	117.828
0.1878	118.061
0.1882	122.428
0.1886	119.637
0.189	119.211
0.1894	120.951
0.1898	121.808
0.1902	117.326
0.1906	120.474
0.191	120.721
0.1914	122.23
0.1918	124.677
0.1922	122.763
0.1926	122.114
0.193	119.889
0.1934	124.388
0.1938	124.853
0.1942	124.949
0.1946	124.631
0.195	127.496
0.1954	123.793
0.1958	122.925
0.1962	125.526
0.1966	127.278
0.197	120.374
0.1974	127.894
0.1978	129.283
0.1982	127.905
0.1986	129.173
0.199	126.684
0.1994	129.069
0.1998	129.092
0.2002	131.013
0.2006	128.266
0.201	130.09
0.2014	131.494
0.2018	131.887
0.2022	129.623
0.2026	130.981
0.203	132.044
0.2034	128.81
0.2038	133.668
0.2042	138.226
0.2046	134.152
0.205	132.69
0.2054	137.568
0.2058	134.706
0.2062	134.467
0.2066	135.983
0.207	138.402
0.2074	135.087
0.2078	135.419
0.2082	138.277
0.2086	138.379
0.209	138.084
0.2094	140.831
0.2098	140.324
0.2102	142.322
0.2106	145.031
0.211	146.795
0.2114	137.126
0.2118	145.177
0.2122	141.288
0.2126	142.375
0.213	144.472
0.2134	143.786
0.2138	145.731
0.2142	149.637
0.2146	147.416
0.215	148.912
0.2154	147.128
0.2158	144.673
0.2162	150.298
0.2166	145.269
0.217	149.9
0.2174	154.249
0.2178	150.746
0.2182	152.658
0.2186	153.908
0.219	152.085
0.2194	156.918
0.2198	157.233
0.2202	154.685
0.2206	152.283
0.221	163.121
0.2214	151.796
0.2218	156.016
0.2222	158.862
0.2226	157.903
0.223	161.296
0.2234	165.362
0.2238	162.717
0.2242	158.38
0.2246	164.923
0.225	166.976
0.2254	164.787
0.2258	165.906
0.2262	169.155
0.2266	161.721
0.227	167.141
0.2274	169.782
0.2278	171.113
0.2282	169.885
0.2286	167.778
0.229	171.255
0.2294	175.374
0.2298	173.891
0.2302	175.031
0.2306	175.529
0.231	180.622
0.2314	181.854
0.2318	171.322
0.2322	177.304
0.2326	179.423
0.233	179.242
0.2334	185.783
0.2338	185.457
0.2342	185.505
0.2346	177.729
0.235	190.61
0.2354	190.762
0.2358	185.623
0.2362	190.625
0.2366	190.216
0.237	186.136
0.2374	192.845
0.2378	189.713
0.2382	190.822
0.2386	189.067
0.239	199.036
0.2394	198.949
0.2398	197.406
0.2402	204.488
0.2406	201.709
0.241	198.707
0.2414	205.665
0.2418	203.108
0.2422	200.044
0.2426	206.761
0.243	207.667
0.2434	210.598
0.2438	209.962
0.2442	214.121
0.2446	213.473
0.245	204.182
0.2454	213.096
0.2458	216.208
0.2462	215.262
0.2466	220.091
0.247	218.549
0.2474	225.763
0.2478	218.309
0.2482	227.718
0.2486	227.736
0.249	226.843
0.2494	228.297
0.2498	226.473
0.2502	225.954
0.2506	236.897
0.251	232.962
0.2514	226.751
0.2518	231.124
0.2522	242.577
0.2526	243.086
0.253	240.954
0.2534	246.089
0.2538	254.4
0.2542	240.772
0.2546	243.362
0.255	253.114
0.2554	241.835
0.2558	250.491
0.2562	255.172
0.2566	253.126
0.257	258.342
0.2574	253.069
0.2578	256.507
0.2582	256.617
0.2586	261.575
0.259	267.515
0.2594	268.215
0.2598	274.002
0.2602	269.984
0.2606	263.371
0.261	267.692
0.2614	275.758
0.2618	275.996
0.2622	273.055
0.2626	274.238
0.263	281.539
0.2634	287.781
0.2638	290.346
0.2642	287.102
0.2646	289.915
0.265	288.253
0.2654	299.897
0.2658	295.185
0.2662	298.548
0.2666	290.208
0.267	297.037
0.2674	296.792
0.2678	297.742
0.2682	308.797
0.2686	309.634
0.269	304.528
0.2694	314.101
0.2698	316.813
0.2702	315.333
0.2706	317.669
0.271	314.835
0.2714	311.506
0.2718	324.386
0.2722	330.062
0.2726	331.118
0.273	328.527
0.2734	342.436
0.2738	329.762
0.2742	341.66
0.2746	332.05
0.275	343.918
0.2754	343.117
0.2758	350.013
0.2762	349.954
0.2766	346.328
0.277	345.225
0.2774	347.322
0.2778	347.326
0.2782	354.74
0.2786	365.303
0.279	353.906
0.2794	355.085
0.2798	371.787
0.2802	362.267
0.2806	364.103
0.281	373.737
0.2814	380.004
0.2818	386.801
0.2822	387.849
0.2826	376.385
0.283	387.096
0.2834	371.969
0.2838	390.277
0.2842	383.837
0.2846	389.153
0.285	389.009
0.2854	395.927
0.2858	393.907
0.2862	389.853
0.2866	405.05
0.287	398.914
0.2874	399.549
0.2878	412.727
0.2882	409.824
0.2886	394.661
0.289	409.627
0.2894	418.067
0.2898	413.147
0.2902	416.764
0.2906	417.234
0.291	420.667
0.2914	414.995
0.2918	430
0.2922	432.336
0.2926	424.965
0.293	430.291
0.2934	427.045
0.2938	437.045
0.2942	445.85
0.2946	425.736
0.295	440.731
0.2954	445.176
0.2958	445.463
0.2962	457.955
0.2966	427.338
0.297	448.518
0.2974	454.753
0.2978	441.996
0.2982	444.212
0.2986	443.406
0.299	449.84
0.2994	451.559
0.2998	454.859
0.3002	459.012
0.3006	463.442
0.301	457.838
0.3014	452.063
0.3018	466.527
0.3022	459.534
0.3026	461.347
0.303	464.331
0.3034	460.915
0.3038	473.546
0.3042	461.084
0.3046	463.654
0.305	474.623
0.3054	477.047
0.3058	468.473
0.3062	480.251
0.3066	467.443
0.307	451.933
0.3074	468.137
0.3078	471.109
0.3082	467.295
0.3086	474.628
0.309	479.509
0.3094	467.548
0.3098	475.097
0.3102	466.06
0.3106	469.909
0.311	471.487
0.3114	475.12
0.3118	475.465
0.3122	476.155
0.3126	468.877
0.313	473.133
0.3134	468.018
0.3138	483.337
0.3142	478.86
0.3146	467.269
0.315	477.654
0.3154	469.677
0.3158	467.031
0.3162	477.71
0.3166	460.147
0.317	474.964
0.3174	460.494
0.3178	469.071
0.3182	469.191
0.3186	467.572
0.319	466.621
0.3194	455.117
0.3198	474.791
0.3202	464.654
0.3206	453.573
0.321	471.574
0.3214	460.212
0.3218	461.756
0.3222	450.042
0.3226	447.155
0.323	459.644
0.3234	451.545
0.3238	448.647
0.3242	452.289
0.3246	449.179
0.325	447.118
0.3254	440.357
0.3258	448.78
0.3262	446.405
0.3266	427.757
0.327	419.972
0.3274	445.689
0.3278	424.719
0.3282	431.31
0.3286	446.047
0.329	440.728
0.3294	436.937
0.3298	425.4
0.3302	419.6
0.3306	430.854
0.331	409.236
0.3314	427.791
0.3318	417.063
0.3322	409.689
0.3326	419.177
0.333	418.67
0.3334	404.567
0.3338	415.077
0.3342	408.106
0.3346	410.627
0.335	398.646
0.3354	406.319
0.3358	394.395
0.3362	401.221
0.3366	389.408
0.337	390.683
0.3374	398.006
0.3378	395.768
0.3382	388.137
0.3386	391.255
0.339	390.878
0.3394	375.929
0.3398	377.361
0.3402	379.929
0.3406	364.835
0.341	371.401
0.3414	377.97
0.3418	362.646
0.3422	377.69
0.3426	369.647
0.343	366.203
0.3434	359.61
0.3438	362.806
0.3442	357.463
0.3446	359.22
0.345	349.22
0.3454	352.482
0.3458	334.475
0.3462	350.73
0.3466	346.635
0.347	346.432
0.3474	339.703
0.3478	344.562
0.3482	339.685
0.3486	338.631
0.349	325.905
0.3494	333.524
0.3498	329.258
0.3502	328.939
0.3506	322.202
0.351	319.463
0.3514	322.411
0.3518	321.752
0.3522	311.614
0.3526	320.028
0.353	307.461
0.3534	311.966
0.3538	316.947
0.3542	312.748
0.3546	316.382
0.355	303.127
0.3554	296.813
0.3558	305.381
0.3562	296.371
0.3566	293.031
0.357	307.145
0.3574	294.876
0.3578	287.08
0.3582	295.986
0.3586	285.28
0.359	287.908
0.3594	285.684
0.3598	287.212
0.3602	276.843
0.3606	281.314
0.361	277.004
0.3614	286.182
0.3618	276.182
0.3622	275.647
0.3626	271.145
0.363	268.275
0.3634	264.598
0.3638	274.834
0.3642	257.935
0.3646	259.881
0.365	268.225
0.3654	258.541
0.3658	258.875
0.3662	257.415
0.3666	256.576
0.367	253.252
0.3674	261.677
0.3678	254.186
0.3682	245.506
0.3686	240.433
0.369	244.14
0.3694	245.595
0.3698	238.201
0.3702	240.266
0.3706	252.069
0.371	238.115
0.3714	236.951
0.3718	237.856
0.3722	229.683
0.3726	236.206
0.373	234.209
0.3734	231.168
0.3738	231.534
0.3742	230.223
0.3746	232.648
0.375	225.633
0.3754	219.567
0.3758	223.508
0.3762	223.001
0.3766	222.05
0.377	226.875
0.3774	220.1
0.3778	216.763
0.3782	220.118
0.3786	215.64
0.379	217.23
0.3794	210.227
0.3798	212.723
0.3802	209.499
0.3806	211.811
0.381	205.588
0.3814	200.302
0.3818	207.787
0.3822	205.907
0.3826	205.219
0.383	205.417
0.3834	205.013
0.3838	208.616
0.3842	198.122
0.3846	199.646
0.385	197.602
0.3854	195.645
0.3858	196.111
0.3862	196.688
0.3866	194.681
0.387	189.352
0.3874	192.15
0.3878	189.786
0.3882	189.988
0.3886	185.049
0.389	187.509
0.3894	187.435
0.3898	186.893
0.3902	187.8
0.3906	185.19
0.391	178.595
0.3914	182.739
0.3918	179.27
0.3922	175.842
0.3926	182.186
0.393	182.544
0.3934	178.675
0.3938	178.578
0.3942	174.829
0.3946	177.214
0.395	177.097
0.3954	175.763
0.3958	174.102
0.3962	176.131
0.3966	165.975
0.397	171.242
0.3974	167.631
0.3978	165.467
0.3982	166.707
0.3986	169.281
0.399	166.209
0.3994	167.748
0.3998	168.717
0.4002	164.106
0.4006	165.691
0.401	163.888
0.4014	160.34
0.4018	159.596
0.4022	167.176
0.4026	162.344
0.403	161.792
0.4034	162.78
0.4038	157.362
0.4042	157.384
0.4046	158.127
0.405	155
0.4054	158.451
0.4058	156.348
0.4062	155.957
0.4066	156.507
0.407	150.796
0.4074	153.926
0.4078	153.577
0.4082	146.64
0.4086	154.733
0.409	145.729
0.4094	151.897
0.4098	151.726
0.4102	150.642
0.4106	145.342
0.411	144.366
0.4114	151.754
0.4118	145.253
0.4122	142.279
0.4126	150.657
0.413	147.695
0.4134	140.867
0.4138	143.74
0.4142	147.303
0.4146	144.901
0.415	144.098
0.4154	143.26
0.4158	143.345
0.4162	138.687
0.4166	141.765
0.417	139.603
0.4174	140.5
0.4178	140.07
0.4182	138.161
0.4186	138.055
0.419	140.5
0.4194	138.801
0.4198	140.857
0.4202	135.527
0.4206	137.746
0.421	137.552
0.4214	132.457
0.4218	137.881
0.4222	134.222
0.4226	134.542
0.423	136.521
0.4234	136.726
0.4238	133.4
0.4242	131.637
0.4246	133.984
0.425	131.049
0.4254	132.337
0.4258	134.322
0.4262	131.098
0.4266	130.571
0.427	130.018
0.4274	125.237
0.4278	129.179
0.4282	128.777
0.4286	131.628
0.429	126.087
0.4294	127.023
0.4298	130.725
0.4302	128.884
0.4306	122.228
0.431	129.176
0.4314	125.971
0.4318	126.924
0.4322	127.741
0.4326	129.625
0.433	123.715
0.4334	123.086
0.4338	124.515
0.4342	125.063
0.4346	124.777
0.435	127.2
0.4354	123.932
0.4358	125.271
0.4362	121.153
0.4366	121.558
0.437	122.074
0.4374	121.488
0.4378	119.841
0.4382	118.072
0.4386	120.958
0.439	124.211
0.4394	121.384
0.4398	117.689
0.4402	120.35
0.4406	124.012
0.441	120.272
0.4414	117.869
0.4418	121.21
0.4422	119.419
0.4426	120.376
0.443	120.892
0.4434	121.42
0.4438	115.94
0.4442	120.715
0.4446	120.688
0.445	113.422
0.4454	118.235
0.4458	117.402
0.4462	115.042
0.4466	115.171
0.447	114.218
0.4474	115.691
0.4478	115.935
0.4482	116.225
0.4486	118.656
0.449	115.727
0.4494	113.733
0.4498	115.573
0.4502	113.257
0.4506	116.416
0.451	117.547
0.4514	115.392
0.4518	116.004
0.4522	115.023
0.4526	116.812
0.453	113.907
0.4534	116.587
0.4538	112.451
0.4542	112.158
0.4546	112.647
0.455	113.3
0.4554	115.029
0.4558	117.923
0.4562	112.834
0.4566	114.807
0.457	110.731
0.4574	115.578
0.4578	112.128
0.4582	112.706
0.4586	111.987
0.459	109.098
0.4594	113.255
0.4598	112.311
0.4602	108.106
0.4606	114.069
0.461	110.504
0.4614	114.422
0.4618	110.636
0.4622	109.512
0.4626	110.614
0.463	108.627
0.4634	110.137
0.4638	112.38
0.4642	109.158
0.4646	113.617
0.465	112.076
0.4654	110.336
0.4658	113.123
0.4662	109.4
0.4666	109.868
0.467	109.935
0.4674	111.906
0.4678	107.776
0.4682	109.979
0.4686	113.539
0.469	113.288
0.4694	106.954
0.4698	109.448
0.4702	111.27
0.4706	107.352
0.471	110.04
0.4714	112.654
0.4718	111.079
0.4722	108.111
0.4726	108.882
0.473	112.232
0.4734	106.643
0.4738	110.702
0.4742	112.35
0.4746	108.468
0.475	109.654
0.4754	111.39
0.4758	106.516
0.4762	109.16
0.4766	108.539
0.477	109.904
0.4774	109.516
0.4778	110.291
0.4782	114.331
0.4786	107.153
0.479	110.366
0.4794	110.667
0.4798	107.818
0.4802	107.201
0.4806	109.982
0.481	108.302
0.4814	110.18
0.4818	108.871
0.4822	107.774
0.4826	107.22
0.483	108.089
0.4834	108.095
0.4838	109.645
0.4842	110.352
0.4846	110.431
0.485	107.88
0.4854	110.173
0.4858	111.612
0.4862	109.346
0.4866	106.759
0.487	111.062
0.4874	110.318
0.4878	109.204
0.4882	110.077
0.4886	112.08
0.489	107.99
0.4894	109.231
0.4898	112.824
0.4902	107.405
0.4906	110.512
0.491	113.302
0.4914	108.712
0.4918	110.654
0.4922	107.14
0.4926	110.151
0.493	113.819
0.4934	108.331
0.4938	115.073
0.4942	112.767
0.4946	108.914
0.495	113.685
0.4954	109.409
0.4958	112.242
0.4962	112.839
0.4966	111.581
0.497	111.286
0.4974	112.464
0.4978	114.752
0.4982	111.563
0.4986	109.637
0.499	113.604
0.4994	110.202
0.4998	113.653
0.5002	112.054
0.5006	110.755
0.501	111.492
0.5014	109.213
0.5018	115.293
0.5022	111.843
0.5026	110.705
0.503	116.771
0.5034	115.343
0.5038	112.561
0.5042	112.789
0.5046	114.973
0.505	111.816
0.5054	113.459
0.5058	117.523
0.5062	115.346
0.5066	114.967
0.507	118.829
0.5074	115.216
0.5078	114.854
0.5082	113.503
0.5086	116.579
0.509	114.024
0.5094	113.315
0.5098	112.177
0.5102	109.05
0.5106	105.876
0.511	99.2089
0.5114	93.2079
0.5118	88.1796
0.5122	87.1411
0.5126	81.7405
0.513	76.1313
0.5134	69.8536
0.5138	64.4051
0.5142	62.0793
0.5146	54.2211
0.515	50.3074
0.5154	46.6949
0.5158	41.8137
0.5162	37.556
0.5166	31.7358
0.517	29.5936
0.5174	23.8632
0.5178	18.5759
0.5182	15.2942
0.5186	12.5685
0.519	10.5535
0.5194	7.91106
0.5198	5.68383
0.5202	3.41811
0.5206	1.57919
0.521	0.160583
0.5214	2.92353e-05
0.5218	3.35718e-06
0.5222	4.94411e-07
0.5226	0
0.523	8.40371e-06
0.5234	5.13763e-05
0.5238	0.000105905
0.5242	6.39813e-05
0.5246	1.19869e-05
0.525	5.54085e-06
0.5254	1.41436e-05
0.5258	7.2576e-05
0.5262	2.8816e-05
0.5266	1.27966e-05
0.527	1.13746e-05
0.5274	1.50899e-06
0.5278	1.96649e-05
0.5282	7.07088e-05
0.5286	2.00706e-05
0.529	2.12769e-05
0.5294	4.05284e-06
0.5298	6.58851e-06
0.5302	3.99469e-05
0.5306	2.06747e-05
0.531	7.13706e-06
0.5314	9.50584e-06
0.5318	1.47608e-05
0.5322	1.35916e-06
0.5326	5.48044e-06
0.533	0
0.5334	1.56163e-07
0.5338	1.67027e-05
0.5342	2.04904e-05
0.5346	2.19224e-05
0.535	1.96221e-05
0.5354	4.89573e-06
0.5358	1.39863e-06
0.5362	2.68236e-05
0.5366	2.70663e-05
0.537	6.99437e-06
0.5374	9.49751e-06
0.5378	1.13371e-05
0.5382	6.46306e-06
0.5386	1.27139e-05
0.539	4.26078e-05
0.5394	2.77324e-06
0.5398	3.38948e-05
0.5402	1.84892e-06
0.5406	9.7733e-06
0.541	0
0.5414	3.21799e-05
0.5418	4.74949e-05
0.5422	2.41444e-05
0.5426	2.29202e-05
0.543	4.15633e-05
0.5434	7.70044e-06
0.5438	1.3741e-06
0.5442	2.51293e-05
0.5446	1.13614e-05
0.545	1.25554e-05
0.5454	0
0.5458	0
0.5462	0
0.5466	0
0.547	1.26014e-05
0.5474	1.18553e-05
0.5478	4.26149e-05
0.5482	2.90114e-05
0.5486	3.10471e-05
0.549	3.20266e-05
0.5494	2.32978e-05
0.5498	4.331e-06
