-0.4998	0
-0.4994	0
-0.499	1.30711e-05
-0.4986	7.24503e-06
-0.4982	0
-0.4978	1.79752e-05
-0.4974	0.000101592
-0.497	2.28683e-05
-0.4966	3.58704e-06
-0.4962	1.0542e-05
-0.4958	2.00843e-05
-0.4954	3.19686e-05
-0.495	5.85814e-05
-0.4946	8.68718e-06
-0.4942	1.36087e-05
-0.4938	5.70171e-07
-0.4934	3.64888e-05
-0.493	2.69645e-05
-0.4926	0
-0.4922	2.36814e-05
-0.4918	2.43685e-05
-0.4914	1.53002e-05
-0.491	8.36969e-06
-0.4906	8.04108e-06
-0.4902	2.23655e-05
-0.4898	1.31083e-05
-0.4894	2.88383e-05
-0.489	3.07425e-05
-0.4886	1.32371e-05
-0.4882	1.54149e-05
-0.4878	3.58561e-05
-0.4874	2.32852e-05
-0.487	1.58513e-05
-0.4866	3.85979e-05
-0.4862	3.25527e-06
-0.4858	1.00073e-06
-0.4854	0
-0.485	4.04323e-05
-0.4846	2.04064e-05
-0.4842	0
-0.4838	0
-0.4834	2.15053e-05
-0.483	3.06483e-05
-0.4826	4.67463e-05
-0.4822	2.87576e-05
-0.4818	3.59782e-05
-0.4814	4.24079e-06
-0.481	6.79773e-07
-0.4806	1.23112e-05
-0.4802	2.28352e-05
-0.4798	0
-0.4794	4.73466e-06
-0.479	3.88128e-06
-0.4786	0
-0.4782	0.0301872
-0.4778	0.214311
-0.4774	0.664895
-0.477	0.538358
-0.4766	1.01187
-0.4762	2.23821
-0.4758	3.07671
-0.4754	3.32728
-0.475	4.4004
-0.4746	5.16802
-0.4742	6.35398
-0.4738	8.17033
-0.4734	9.73246
-0.473	8.81849
-0.4726	11.3857
-0.4722	14.2601
-0.4718	13.374
-0.4714	16.453
-0.471	19.3729
-0.4706	22.7992
-0.4702	23.1067
-0.4698	26.3597
-0.4694	30.1458
-0.469	28.2343
-0.4686	26.4789
-0.4682	32.3845
-0.4678	37.7858
-0.4674	37.9583
-0.467	40.7279
-0.4666	42.9562
-0.4662	48.2972
-0.4658	46.3803
-0.4654	51.8712
-0.465	53.7272
-0.4646	50.8674
-0.4642	55.892
-0.4638	60.7246
-0.4634	61.3976
-0.463	60.2342
-0.4626	65.8877
-0.4622	65.8307
-0.4618	70.129
-0.4614	69.6618
-0.461	73.4614
-0.4606	72.9017
-0.4602	78.9508
-0.4598	79.4102
-0.4594	79.2541
-0.459	87.3912
-0.4586	86.2882
-0.4582	86.8309
-0.4578	94.6453
-0.4574	93.3665
-0.457	99.3541
-0.4566	102.6
-0.4562	101.32
-0.4558	105.3
-0.4554	105.436
-0.455	100.872
-0.4546	104.227
-0.4542	107.66
-0.4538	110.667
-0.4534	112.499
-0.453	113.426
-0.4526	113.554
-0.4522	112.93
-0.4518	119.701
-0.4514	112.5
-0.451	110.489
-0.4506	118.152
-0.4502	113.181
-0.4498	117.332
-0.4494	111.329
-0.449	119.235
-0.4486	114.719
-0.4482	114.505
-0.4478	120.245
-0.4474	116.126
-0.447	113.928
-0.4466	110.542
-0.4462	116.387
-0.4458	110.986
-0.4454	114.051
-0.445	109.719
-0.4446	114.316
-0.4442	118.51
-0.4438	115.833
-0.4434	112.526
-0.443	113.734
-0.4426	108.731
-0.4422	113.739
-0.4418	110.453
-0.4414	111.2
-0.441	110.184
-0.4406	108.601
-0.4402	108.821
-0.4398	112.261
-0.4394	107.789
-0.439	114.263
-0.4386	114.631
-0.4382	112.017
-0.4378	109.581
-0.4374	114.226
-0.437	110.204
-0.4366	112.915
-0.4362	112.307
-0.4358	108.639
-0.4354	107.621
-0.435	105.708
-0.4346	108.524
-0.4342	109.942
-0.4338	110.448
-0.4334	108.314
-0.433	110.432
-0.4326	110.463
-0.4322	108.575
-0.4318	110.653
-0.4314	109.844
-0.431	110.849
-0.4306	112.183
-0.4302	108.195
-0.4298	111.44
-0.4294	111.025
-0.429	110.151
-0.4286	108.958
-0.4282	110.183
-0.4278	112.222
-0.4274	111.216
-0.427	110.389
-0.4266	110.732
-0.4262	112.376
-0.4258	109.786
-0.4254	107.953
-0.425	112.331
-0.4246	110.212
-0.4242	114.337
-0.4238	109.942
-0.4234	107.932
-0.423	114.478
-0.4226	110.721
-0.4222	105.189
-0.4218	110.431
-0.4214	113.477
-0.421	112.617
-0.4206	118.481
-0.4202	111.767
-0.4198	111.008
-0.4194	110.188
-0.419	113.853
-0.4186	111.517
-0.4182	112.291
-0.4178	112.489
-0.4174	111.512
-0.417	115.833
-0.4166	115.552
-0.4162	113.549
-0.4158	114.911
-0.4154	111.238
-0.415	115.293
-0.4146	116.622
-0.4142	112.536
-0.4138	109.612
-0.4134	114.221
-0.413	115.477
-0.4126	114.943
-0.4122	118.123
-0.4118	119.718
-0.4114	118.623
-0.411	118.294
-0.4106	115.301
-0.4102	114.928
-0.4098	116.906
-0.4094	117.618
-0.409	115.235
-0.4086	119.603
-0.4082	120.346
-0.4078	118.552
-0.4074	114.548
-0.407	122.828
-0.4066	117.672
-0.4062	116.78
-0.4058	111.963
-0.4054	120.377
-0.405	118.848
-0.4046	119.988
-0.4042	117.952
-0.4038	123.253
-0.4034	123.235
-0.403	118.613
-0.4026	115.243
-0.4022	120.883
-0.4018	126.997
-0.4014	129.241
-0.401	117.226
-0.4006	120.023
-0.4002	126.515
-0.3998	129.175
-0.3994	125.387
-0.399	125.382
-0.3986	126.093
-0.3982	128.439
-0.3978	128.887
-0.3974	127.242
-0.397	128.813
-0.3966	132.373
-0.3962	127.421
-0.3958	128.497
-0.3954	131.333
-0.395	127.461
-0.3946	128.965
-0.3942	134.736
-0.3938	130.207
-0.3934	132.346
-0.393	131.991
-0.3926	131.888
-0.3922	138.402
-0.3918	134.496
-0.3914	131.413
-0.391	135.979
-0.3906	138.14
-0.3902	141.392
-0.3898	135.231
-0.3894	134.867
-0.389	139.067
-0.3886	140.89
-0.3882	138.657
-0.3878	134.093
-0.3874	138.613
-0.387	138.659
-0.3866	142.298
-0.3862	146.786
-0.3858	147.528
-0.3854	143.178
-0.385	137.153
-0.3846	147.116
-0.3842	150.901
-0.3838	150.889
-0.3834	144.483
-0.383	147.8
-0.3826	150.994
-0.3822	150.737
-0.3818	151.562
-0.3814	150.789
-0.381	153.672
-0.3806	151.68
-0.3802	156.091
-0.3798	153.209
-0.3794	150.695
-0.379	156.762
-0.3786	158.43
-0.3782	164.434
-0.3778	161.664
-0.3774	159.453
-0.377	161.165
-0.3766	162.684
-0.3762	163.015
-0.3758	160.607
-0.3754	163.036
-0.375	168.799
-0.3746	172.57
-0.3742	176.163
-0.3738	170.733
-0.3734	166.996
-0.373	176.773
-0.3726	175.206
-0.3722	174.41
-0.3718	173.908
-0.3714	179.01
-0.371	182.221
-0.3706	177.974
-0.3702	178.563
-0.3698	177.35
-0.3694	180.423
-0.369	182.941
-0.3686	188.794
-0.3682	182.477
-0.3678	179.413
-0.3674	185.469
-0.367	188.986
-0.3666	190.033
-0.3662	194.079
-0.3658	189.053
-0.3654	190.351
-0.365	195.159
-0.3646	203.591
-0.3642	206.88
-0.3638	197.812
-0.3634	200.658
-0.363	202.882
-0.3626	210.579
-0.3622	211.326
-0.3618	203.233
-0.3614	213.071
-0.361	215.048
-0.3606	213.201
-0.3602	204.458
-0.3598	211.968
-0.3594	214.757
-0.359	216.115
-0.3586	213.681
-0.3582	212.967
-0.3578	214.478
-0.3574	217.767
-0.357	220.149
-0.3566	222.41
-0.3562	217.741
-0.3558	226.623
-0.3554	230.73
-0.355	234.544
-0.3546	237.287
-0.3542	249.804
-0.3538	237.865
-0.3534	247.887
-0.353	248.646
-0.3526	240.61
-0.3522	241.28
-0.3518	249.54
-0.3514	257.17
-0.351	253.122
-0.3506	256.018
-0.3502	249.09
-0.3498	262.471
-0.3494	252.3
-0.349	251.216
-0.3486	263.706
-0.3482	266.638
-0.3478	264.919
-0.3474	270.79
-0.347	275.221
-0.3466	271.401
-0.3462	270.817
-0.3458	282.754
-0.3454	283.8
-0.345	289.65
-0.3446	280.825
-0.3442	286.189
-0.3438	288.906
-0.3434	289.798
-0.343	288.887
-0.3426	297.7
-0.3422	310.242
-0.3418	307.205
-0.3414	291.355
-0.341	311.033
-0.3406	314.871
-0.3402	302.026
-0.3398	316.371
-0.3394	319.961
-0.339	316.993
-0.3386	313.94
-0.3382	326.647
-0.3378	334.071
-0.3374	324.746
-0.337	328.974
-0.3366	313.91
-0.3362	345.494
-0.3358	346.57
-0.3354	329.246
-0.335	331.062
-0.3346	334.867
-0.3342	338.516
-0.3338	336.339
-0.3334	356.852
-0.333	347.689
-0.3326	353.019
-0.3322	365.039
-0.3318	365.43
-0.3314	352.46
-0.331	373.019
-0.3306	384.7
-0.3302	368.8
-0.3298	381.58
-0.3294	391.716
-0.329	368.107
-0.3286	376.563
-0.3282	375.157
-0.3278	383.014
-0.3274	385.52
-0.327	393.231
-0.3266	401.344
-0.3262	410.335
-0.3258	393.647
-0.3254	402.824
-0.325	406.102
-0.3246	411.474
-0.3242	405.915
-0.3238	405.848
-0.3234	423.388
-0.323	413.583
-0.3226	422.684
-0.3222	427.907
-0.3218	413.088
-0.3214	426.302
-0.321	420.188
-0.3206	436.151
-0.3202	428.932
-0.3198	424.918
-0.3194	452.406
-0.319	441.403
-0.3186	429.147
-0.3182	446.931
-0.3178	438.988
-0.3174	431.453
-0.317	441.603
-0.3166	450.422
-0.3162	435.395
-0.3158	446.305
-0.3154	450.325
-0.315	449.852
-0.3146	447.669
-0.3142	469.534
-0.3138	459.11
-0.3134	459.056
-0.313	455.707
-0.3126	451.808
-0.3122	456.428
-0.3118	470.66
-0.3114	454.399
-0.311	464.485
-0.3106	476.018
-0.3102	466.5
-0.3098	483.118
-0.3094	457.759
-0.309	464.046
-0.3086	464.787
-0.3082	460.309
-0.3078	478.294
-0.3074	462.911
-0.307	449.752
-0.3066	456.585
-0.3062	464.123
-0.3058	457.671
-0.3054	463.087
-0.305	470.48
-0.3046	469.3
-0.3042	465.125
-0.3038	456.379
-0.3034	469.763
-0.303	460.169
-0.3026	471.129
-0.3022	478.191
-0.3018	456.669
-0.3014	455.145
-0.301	453.8
-0.3006	478.794
-0.3002	462.957
-0.2998	459.39
-0.2994	463.291
-0.299	436.668
-0.2986	451.981
-0.2982	464.798
-0.2978	455.975
-0.2974	461.881
-0.297	453.107
-0.2966	426.465
-0.2962	429.444
-0.2958	438.259
-0.2954	440.989
-0.295	428.74
-0.2946	433.27
-0.2942	440.465
-0.2938	424.493
-0.2934	441.345
-0.293	439.355
-0.2926	422.941
-0.2922	436.086
-0.2918	423.494
-0.2914	426.682
-0.291	435.515
-0.2906	420.379
-0.2902	434.589
-0.2898	412.286
-0.2894	405.646
-0.289	398.425
-0.2886	386.472
-0.2882	409.441
-0.2878	390.311
-0.2874	383.238
-0.287	383.436
-0.2866	390.781
-0.2862	391.97
-0.2858	388.465
-0.2854	377.621
-0.285	378.194
-0.2846	387.261
-0.2842	374.242
-0.2838	383.364
-0.2834	356.361
-0.283	375.532
-0.2826	384.474
-0.2822	370.256
-0.2818	358.637
-0.2814	377.533
-0.281	346.318
-0.2806	353.77
-0.2802	364.761
-0.2798	349.654
-0.2794	338.533
-0.279	344.708
-0.2786	334.378
-0.2782	349.117
-0.2778	348.168
-0.2774	341.964
-0.277	334.254
-0.2766	328.14
-0.2762	336.04
-0.2758	326.313
-0.2754	328.771
-0.275	320.541
-0.2746	321.699
-0.2742	317.351
-0.2738	325.519
-0.2734	314.457
-0.273	288.75
-0.2726	304.911
-0.2722	308.185
-0.2718	282.998
-0.2714	306.19
-0.271	282.821
-0.2706	289.588
-0.2702	298.661
-0.2698	282.974
-0.2694	294.234
-0.269	284.102
-0.2686	281.373
-0.2682	281.109
-0.2678	271.792
-0.2674	274.831
-0.267	278.547
-0.2666	283.096
-0.2662	275.54
-0.2658	270.213
-0.2654	258.971
-0.265	260.686
-0.2646	270.542
-0.2642	253.42
-0.2638	262.916
-0.2634	262.875
-0.263	237.797
-0.2626	256.625
-0.2622	257.313
-0.2618	242.065
-0.2614	246.977
-0.261	239.477
-0.2606	228.191
-0.2602	247.249
-0.2598	229.404
-0.2594	230.56
-0.259	235.295
-0.2586	227.528
-0.2582	246.07
-0.2578	228.338
-0.2574	227.451
-0.257	237.155
-0.2566	221.266
-0.2562	229.231
-0.2558	224.807
-0.2554	216.578
-0.255	225.21
-0.2546	208.555
-0.2542	221.394
-0.2538	222.062
-0.2534	209.326
-0.253	208.589
-0.2526	209.566
-0.2522	202.94
-0.2518	209.477
-0.2514	204.482
-0.251	202.078
-0.2506	203.796
-0.2502	190.57
-0.2498	202.51
-0.2494	196.263
-0.249	198.625
-0.2486	196.512
-0.2482	187.952
-0.2478	201.73
-0.2474	194.273
-0.247	191.95
-0.2466	196.548
-0.2462	188.869
-0.2458	187.702
-0.2454	185.133
-0.245	177.033
-0.2446	188.61
-0.2442	180.773
-0.2438	181.045
-0.2434	181.498
-0.243	175.156
-0.2426	176.011
-0.2422	177.441
-0.2418	180.43
-0.2414	182.408
-0.241	172.124
-0.2406	173.543
-0.2402	175.532
-0.2398	171.768
-0.2394	161.757
-0.239	174.054
-0.2386	164.477
-0.2382	167.162
-0.2378	160.365
-0.2374	158.174
-0.237	180.498
-0.2366	158.939
-0.2362	159.603
-0.2358	168.796
-0.2354	162.203
-0.235	162.99
-0.2346	156.554
-0.2342	157.66
-0.2338	152.396
-0.2334	149.613
-0.233	152.697
-0.2326	158.813
-0.2322	152.962
-0.2318	155.988
-0.2314	154.399
-0.231	153.404
-0.2306	149.99
-0.2302	146.386
-0.2298	155.436
-0.2294	144.849
-0.229	145.736
-0.2286	147.451
-0.2282	144.802
-0.2278	142.276
-0.2274	143.545
-0.227	145.748
-0.2266	155.132
-0.2262	139.117
-0.2258	137.396
-0.2254	143.69
-0.225	139.159
-0.2246	143.152
-0.2242	140.64
-0.2238	136.547
-0.2234	132.262
-0.223	138.398
-0.2226	143.673
-0.2222	136.457
-0.2218	137.274
-0.2214	138.434
-0.221	134.691
-0.2206	140.665
-0.2202	134.184
-0.2198	136.778
-0.2194	134.215
-0.219	127.602
-0.2186	129.285
-0.2182	135.908
-0.2178	129.283
-0.2174	127.104
-0.217	134.262
-0.2166	135.526
-0.2162	126.733
-0.2158	133.87
-0.2154	129.294
-0.215	128.496
-0.2146	134.388
-0.2142	122.113
-0.2138	130.829
-0.2134	124.86
-0.213	120.727
-0.2126	134.275
-0.2122	124.697
-0.2118	123.119
-0.2114	129.087
-0.211	120.523
-0.2106	124.461
-0.2102	122.67
-0.2098	117.119
-0.2094	123.173
-0.209	118.432
-0.2086	117.996
-0.2082	124.071
-0.2078	121.747
-0.2074	124.71
-0.207	126.63
-0.2066	120.867
-0.2062	124.62
-0.2058	123.534
-0.2054	123.016
-0.205	123.533
-0.2046	119.441
-0.2042	119.499
-0.2038	115.22
-0.2034	121.245
-0.203	115.66
-0.2026	116.318
-0.2022	116.243
-0.2018	115.986
-0.2014	114.881
-0.201	115.154
-0.2006	114.066
-0.2002	117.11
-0.1998	111.242
-0.1994	114.032
-0.199	114.265
-0.1986	114.576
-0.1982	117.1
-0.1978	116.91
-0.1974	118.229
-0.197	115.149
-0.1966	116.997
-0.1962	112.82
-0.1958	115.584
-0.1954	117.456
-0.195	111.545
-0.1946	114.902
-0.1942	110.083
-0.1938	106.008
-0.1934	113.751
-0.193	114.082
-0.1926	111.839
-0.1922	111.552
-0.1918	114.049
-0.1914	112.529
-0.191	114.416
-0.1906	112.824
-0.1902	108.075
-0.1898	114.732
-0.1894	113.656
-0.189	114.814
-0.1886	114.944
-0.1882	108.76
-0.1878	111.834
-0.1874	106.801
-0.187	109.736
-0.1866	112.137
-0.1862	110.689
-0.1858	114.104
-0.1854	111.292
-0.185	108.815
-0.1846	115.296
-0.1842	105.8
-0.1838	110.093
-0.1834	111.178
-0.183	111.135
-0.1826	110.004
-0.1822	109.278
-0.1818	114.026
-0.1814	106.933
-0.181	107.873
-0.1806	111.083
-0.1802	104.717
-0.1798	107.856
-0.1794	108.088
-0.179	107.281
-0.1786	108.853
-0.1782	106.05
-0.1778	115.62
-0.1774	110.125
-0.177	113.033
-0.1766	114.923
-0.1762	111.902
-0.1758	108.588
-0.1754	108.543
-0.175	110.924
-0.1746	110.11
-0.1742	113.553
-0.1738	115.501
-0.1734	110.71
-0.173	108.973
-0.1726	110.124
-0.1722	111.495
-0.1718	107.619
-0.1714	106.862
-0.171	109.029
-0.1706	105.947
-0.1702	109.799
-0.1698	107.242
-0.1694	110.107
-0.169	109.528
-0.1686	109.846
-0.1682	112.386
-0.1678	112.023
-0.1674	112.26
-0.167	112.809
-0.1666	115.24
-0.1662	119.509
-0.1658	110.676
-0.1654	110.75
-0.165	109.993
-0.1646	113.99
-0.1642	106.629
-0.1638	109.386
-0.1634	112.918
-0.163	106.703
-0.1626	111.913
-0.1622	107.876
-0.1618	114.236
-0.1614	112.026
-0.161	111.405
-0.1606	114.435
-0.1602	103.37
-0.1598	114.42
-0.1594	115.071
-0.159	111.04
-0.1586	119.527
-0.1582	118.877
-0.1578	117.238
-0.1574	114.851
-0.157	117.115
-0.1566	116.03
-0.1562	115.187
-0.1558	116.396
-0.1554	111.757
-0.155	110.167
-0.1546	112.281
-0.1542	111.254
-0.1538	117.697
-0.1534	118.06
-0.153	117.351
-0.1526	116.8
-0.1522	118.217
-0.1518	121.516
-0.1514	122.328
-0.151	123.902
-0.1506	119.035
-0.1502	121.939
-0.1498	119.399
-0.1494	118.38
-0.149	122.442
-0.1486	124.108
-0.1482	121.857
-0.1478	121.449
-0.1474	127.355
-0.147	113.793
-0.1466	120.299
-0.1462	125.255
-0.1458	121.178
-0.1454	120.961
-0.145	117.412
-0.1446	127.788
-0.1442	118.904
-0.1438	125.402
-0.1434	126.498
-0.143	130.788
-0.1426	129.912
-0.1422	125.631
-0.1418	127.812
-0.1414	122.786
-0.141	129.056
-0.1406	126.244
-0.1402	128.382
-0.1398	125.409
-0.1394	129.275
-0.139	125.941
-0.1386	126.521
-0.1382	130.115
-0.1378	124.304
-0.1374	127.95
-0.137	131.536
-0.1366	126.337
-0.1362	130.645
-0.1358	130.359
-0.1354	127.877
-0.135	134.547
-0.1346	134.862
-0.1342	138.313
-0.1338	138.435
-0.1334	138.474
-0.133	140.966
-0.1326	139.687
-0.1322	134.218
-0.1318	137.205
-0.1314	136.449
-0.131	139.691
-0.1306	132.605
-0.1302	132.882
-0.1298	136.745
-0.1294	143.544
-0.129	140.802
-0.1286	143.526
-0.1282	146.973
-0.1278	149.939
-0.1274	143.938
-0.127	146.193
-0.1266	148.238
-0.1262	148.909
-0.1258	154.181
-0.1254	149.453
-0.125	152.466
-0.1246	147.58
-0.1242	156.244
-0.1238	150.001
-0.1234	150.572
-0.123	153.783
-0.1226	145.091
-0.1222	149.277
-0.1218	146.119
-0.1214	156.292
-0.121	153.672
-0.1206	157.748
-0.1202	156.666
-0.1198	160.131
-0.1194	162.407
-0.119	162.988
-0.1186	164.791
-0.1182	158.744
-0.1178	163.115
-0.1174	166.596
-0.117	154.239
-0.1166	162.433
-0.1162	168.016
-0.1158	165.537
-0.1154	162.362
-0.115	170.722
-0.1146	173.422
-0.1142	162.188
-0.1138	171.612
-0.1134	163.448
-0.113	165.853
-0.1126	169.703
-0.1122	169.683
-0.1118	171.523
-0.1114	178.989
-0.111	183.029
-0.1106	174.441
-0.1102	178.909
-0.1098	187.966
-0.1094	182.56
-0.109	182.906
-0.1086	180.27
-0.1082	186.202
-0.1078	183.083
-0.1074	189.452
-0.107	184.973
-0.1066	184.281
-0.1062	186.627
-0.1058	189.563
-0.1054	194.281
-0.105	193.049
-0.1046	193.305
-0.1042	194.604
-0.1038	198.87
-0.1034	192.565
-0.103	200.877
-0.1026	206.248
-0.1022	212.766
-0.1018	212.106
-0.1014	211.165
-0.101	215.634
-0.1006	203.861
-0.1002	207.197
-0.0998	214.494
-0.0994	217.711
-0.099	207.948
-0.0986	209.022
-0.0982	208.467
-0.0978	209.267
-0.0974	215.47
-0.097	221.71
-0.0966	227.701
-0.0962	225.461
-0.0958	224.308
-0.0954	232.421
-0.095	227.669
-0.0946	230.786
-0.0942	234.034
-0.0938	234.794
-0.0934	238.624
-0.093	229.172
-0.0926	231.723
-0.0922	243.863
-0.0918	243.214
-0.0914	244.392
-0.091	246.219
-0.0906	243.502
-0.0902	235.179
-0.0898	248.364
-0.0894	236.405
-0.089	240.453
-0.0886	252.712
-0.0882	255.724
-0.0878	256.522
-0.0874	270.238
-0.087	265.454
-0.0866	260.429
-0.0862	269.897
-0.0858	259.44
-0.0854	273.271
-0.085	276.571
-0.0846	265.259
-0.0842	265.626
-0.0838	270.443
-0.0834	270.529
-0.083	283.681
-0.0826	279.711
-0.0822	282.956
-0.0818	290.501
-0.0814	282.277
-0.081	299.37
-0.0806	298.375
-0.0802	293.149
-0.0798	299.08
-0.0794	305.633
-0.079	309.758
-0.0786	310.214
-0.0782	314.121
-0.0778	306.56
-0.0774	318.095
-0.077	313.938
-0.0766	322.366
-0.0762	318.734
-0.0758	308.618
-0.0754	315.635
-0.075	319.026
-0.0746	320.023
-0.0742	333.907
-0.0738	336.765
-0.0734	327.258
-0.073	352.917
-0.0726	352.383
-0.0722	332.453
-0.0718	345.063
-0.0714	344.524
-0.071	348.017
-0.0706	352.721
-0.0702	362.736
-0.0698	356.255
-0.0694	344.881
-0.069	364.376
-0.0686	354.781
-0.0682	364.259
-0.0678	358.48
-0.0674	363.287
-0.067	369.116
-0.0666	360.741
-0.0662	362.874
-0.0658	360.916
-0.0654	380.537
-0.065	376.231
-0.0646	381.72
-0.0642	393.521
-0.0638	408.833
-0.0634	385.396
-0.063	379.713
-0.0626	404.406
-0.0622	399.661
-0.0618	404.658
-0.0614	396.543
-0.061	386.048
-0.0606	413.012
-0.0602	418.951
-0.0598	394.659
-0.0594	388.676
-0.059	415.22
-0.0586	415.083
-0.0582	412.799
-0.0578	412.568
-0.0574	429.397
-0.057	426.65
-0.0566	425.138
-0.0562	430.605
-0.0558	448.317
-0.0554	433.983
-0.055	422.786
-0.0546	431.544
-0.0542	441.762
-0.0538	447.034
-0.0534	418.96
-0.053	446.77
-0.0526	422.269
-0.0522	449.887
-0.0518	442.243
-0.0514	448.933
-0.051	437.097
-0.0506	430.43
-0.0502	450.251
-0.0498	460.94
-0.0494	471.889
-0.049	442.939
-0.0486	461.167
-0.0482	475.738
-0.0478	454.768
-0.0474	470.278
-0.047	469.092
-0.0466	458.61
-0.0462	465.435
-0.0458	453.781
-0.0454	465.903
-0.045	465.755
-0.0446	452.076
-0.0442	475.053
-0.0438	467.721
-0.0434	468.483
-0.043	465.282
-0.0426	465.454
-0.0422	463.747
-0.0418	473.535
-0.0414	466.942
-0.041	464.827
-0.0406	469.319
-0.0402	465.175
-0.0398	461.435
-0.0394	486.62
-0.039	466.585
-0.0386	460.754
-0.0382	469.154
-0.0378	468.059
-0.0374	453.461
-0.037	466.531
-0.0366	459.723
-0.0362	473.992
-0.0358	460.534
-0.0354	456.298
-0.035	461.508
-0.0346	454.823
-0.0342	451.96
-0.0338	464.065
-0.0334	463.77
-0.033	480.941
-0.0326	457.451
-0.0322	465.733
-0.0318	453.795
-0.0314	451.391
-0.031	450.658
-0.0306	441.715
-0.0302	446.094
-0.0298	451.645
-0.0294	438.205
-0.029	450.095
-0.0286	440.146
-0.0282	428.712
-0.0278	463.621
-0.0274	437.038
-0.027	456.174
-0.0266	433.644
-0.0262	439.416
-0.0258	435.99
-0.0254	429.22
-0.025	422.032
-0.0246	423.37
-0.0242	430.614
-0.0238	436.085
-0.0234	420.727
-0.023	409.536
-0.0226	408.017
-0.0222	415.525
-0.0218	412.667
-0.0214	414.563
-0.021	416.021
-0.0206	399.437
-0.0202	411.846
-0.0198	408.124
-0.0194	395.126
-0.019	395.436
-0.0186	406.399
-0.0182	387.661
-0.0178	403.867
-0.0174	389.562
-0.017	402.817
-0.0166	386.985
-0.0162	375.875
-0.0158	383.712
-0.0154	383.837
-0.015	379.302
-0.0146	369.371
-0.0142	380.186
-0.0138	374.567
-0.0134	369.201
-0.013	363.88
-0.0126	361.911
-0.0122	355.581
-0.0118	367.516
-0.0114	348.014
-0.011	355.395
-0.0106	360.542
-0.0102	342.281
-0.0098	337.467
-0.0094	344.666
-0.009	360.562
-0.0086	334.944
-0.0082	331.947
-0.0078	335.361
-0.0074	329.415
-0.007	316.37
-0.0066	325.9
-0.0062	329.089
-0.0058	318.155
-0.0054	317.435
-0.005	319.093
-0.0046	312.327
-0.0042	310.164
-0.0038	325.117
-0.0034	321.251
-0.003	299.871
-0.0026	304.063
-0.0022	307.77
-0.0018	305.307
-0.0014	294.268
-0.001	307.98
-0.0006	300.325
-0.0002	301.798
0.0002	301.053
0.0006	285.536
0.001	285.819
0.0014	289.087
0.0018	284.731
0.0022	287.57
0.0026	268.169
0.003	284.931
0.0034	283.959
0.0038	271.059
0.0042	287.369
0.0046	278.003
0.005	270.516
0.0054	271.548
0.0058	256.346
0.0062	271.808
0.0066	267.533
0.007	254.22
0.0074	258.203
0.0078	245.235
0.0082	255.955
0.0086	254.128
0.009	245.311
0.0094	245.587
0.0098	256.149
0.0102	245.597
0.0106	239.834
0.011	238.206
0.0114	246.273
0.0118	241.459
0.0122	236.913
0.0126	233.333
0.013	234.661
0.0134	243.794
0.0138	227.354
0.0142	228.008
0.0146	220.189
0.015	228.477
0.0154	227.216
0.0158	221.707
0.0162	217.468
0.0166	227.584
0.017	217.269
0.0174	222.867
0.0178	209.712
0.0182	210.465
0.0186	218.834
0.019	216.014
0.0194	211.958
0.0198	210.998
0.0202	211.879
0.0206	214.885
0.021	206.998
0.0214	203.947
0.0218	205.443
0.0222	199.309
0.0226	207.268
0.023	190.421
0.0234	201.168
0.0238	198.915
0.0242	204.033
0.0246	198.615
0.025	195.922
0.0254	197.337
0.0258	198.592
0.0262	188.854
0.0266	189.154
0.027	190.551
0.0274	190.016
0.0278	196.257
0.0282	182.469
0.0286	183.929
0.029	190.442
0.0294	186.918
0.0298	179.813
0.0302	175.912
0.0306	178.032
0.031	184.85
0.0314	175.85
0.0318	170.579
0.0322	171.807
0.0326	176.635
0.033	172.17
0.0334	171.397
0.0338	176.32
0.0342	170.766
0.0346	169.085
0.035	167.869
0.0354	165.736
0.0358	172.169
0.0362	167.328
0.0366	168.911
0.037	166.59
0.0374	157.735
0.0378	159.519
0.0382	159.658
0.0386	163.39
0.039	161.368
0.0394	158.811
0.0398	163.896
0.0402	151.644
0.0406	153.811
0.041	161.706
0.0414	160.646
0.0418	160.863
0.0422	154.536
0.0426	153.891
0.043	158.622
0.0434	149.921
0.0438	151.845
0.0442	151.94
0.0446	144.616
0.045	150.35
0.0454	145.568
0.0458	149.288
0.0462	147.763
0.0466	150.456
0.047	147.95
0.0474	144.784
0.0478	145.914
0.0482	145.356
0.0486	149.127
0.049	146.519
0.0494	143.856
0.0498	139.741
0.0502	146.892
0.0506	139.585
0.051	144.9
0.0514	138.039
0.0518	148.214
0.0522	139.597
0.0526	135.503
0.053	143.259
0.0534	134.962
0.0538	130.893
0.0542	137.173
0.0546	138.001
0.055	137.27
0.0554	142.571
0.0558	130.789
0.0562	129.717
0.0566	136.111
0.057	135.04
0.0574	134.69
0.0578	129.752
0.0582	135.238
0.0586	132.426
0.059	128.287
0.0594	128.154
0.0598	131.336
0.0602	129.862
0.0606	125.675
0.061	130.638
0.0614	129.396
0.0618	123.946
0.0622	126.007
0.0626	124.98
0.063	126.469
0.0634	125.526
0.0638	127.891
0.0642	127.62
0.0646	131.646
0.065	123.973
0.0654	130.302
0.0658	121.954
0.0662	123.05
0.0666	126.183
0.067	120.374
0.0674	128.317
0.0678	123.991
0.0682	121.235
0.0686	121.757
0.069	120.813
0.0694	126.814
0.0698	124.61
0.0702	123.884
0.0706	121.124
0.071	122.329
0.0714	123.461
0.0718	121.213
0.0722	124.15
0.0726	121.372
0.073	119.627
0.0734	125.188
0.0738	118.655
0.0742	120.896
0.0746	123.664
0.075	114.655
0.0754	117.737
0.0758	117.473
0.0762	117.441
0.0766	119.977
0.077	107.98
0.0774	120.688
0.0778	116.454
0.0782	115.019
0.0786	116.563
0.079	116.932
0.0794	112.373
0.0798	117.86
0.0802	119.14
0.0806	111.908
0.081	117.28
0.0814	111.453
0.0818	111.767
0.0822	116.36
0.0826	116.108
0.083	114.294
0.0834	111.069
0.0838	112.998
0.0842	117.634
0.0846	112.652
0.085	111.586
0.0854	111.87
0.0858	112.97
0.0862	113.186
0.0866	114.465
0.087	112.431
0.0874	114.17
0.0878	116.126
0.0882	115.796
0.0886	107.674
0.089	109.597
0.0894	113.409
0.0898	112.917
0.0902	112.661
0.0906	108.036
0.091	113.802
0.0914	110.216
0.0918	112.141
0.0922	113.867
0.0926	108.266
0.093	112.077
0.0934	109.048
0.0938	111.311
0.0942	112.731
0.0946	106.937
0.095	111.937
0.0954	111.044
0.0958	107.194
0.0962	111.321
0.0966	115.968
0.097	107.478
0.0974	109.119
0.0978	108.641
0.0982	111.822
0.0986	108.761
0.099	107.815
0.0994	109.836
0.0998	105.521
0.1002	113.249
0.1006	106.597
0.101	111.414
0.1014	110.512
0.1018	108.28
0.1022	110.704
0.1026	108.615
0.103	111.588
0.1034	112.119
0.1038	111.757
0.1042	111.391
0.1046	108.695
0.105	108.347
0.1054	112.956
0.1058	105.842
0.1062	106.424
0.1066	113.684
0.107	107.866
0.1074	109.635
0.1078	106.306
0.1082	103.214
0.1086	112.23
0.109	109.944
0.1094	107.531
0.1098	110.929
0.1102	107.38
0.1106	112.811
0.111	112.038
0.1114	111.312
0.1118	109.924
0.1122	113.009
0.1126	109.67
0.113	113.513
0.1134	111.066
0.1138	111.645
0.1142	110.9
0.1146	108.967
0.115	114.225
0.1154	107.1
0.1158	115.89
0.1162	111.481
0.1166	108.848
0.117	112.732
0.1174	109.355
0.1178	113.832
0.1182	108.835
0.1186	109.733
0.119	113.226
0.1194	109.37
0.1198	110.412
0.1202	110.965
0.1206	112.878
0.121	115.544
0.1214	113.675
0.1218	108.071
0.1222	112.163
0.1226	113.053
0.123	112.296
0.1234	109.015
0.1238	113.187
0.1242	117.103
0.1246	109.265
0.125	115.873
0.1254	115.891
0.1258	110.951
0.1262	117.961
0.1266	117.597
0.127	110.38
0.1274	114.586
0.1278	113.524
0.1282	113.547
0.1286	117.035
0.129	116.47
0.1294	115.421
0.1298	115.162
0.1302	116.218
0.1306	120.1
0.131	115.414
0.1314	116.507
0.1318	114.966
0.1322	117.859
0.1326	116.246
0.133	117.245
0.1334	113.927
0.1338	119.083
0.1342	120.003
0.1346	118.741
0.135	119.058
0.1354	120.942
0.1358	121.513
0.1362	119.715
0.1366	121.314
0.137	118.695
0.1374	122.268
0.1378	117.283
0.1382	120.512
0.1386	119.434
0.139	120.73
0.1394	122.376
0.1398	119.601
0.1402	122.74
0.1406	121.158
0.141	124.432
0.1414	122.607
0.1418	123.399
0.1422	123.533
0.1426	122.899
0.143	125.692
0.1434	122.98
0.1438	115.977
0.1442	127.879
0.1446	124.647
0.145	128.522
0.1454	124.927
0.1458	128.117
0.1462	124.047
0.1466	129.561
0.147	125.694
0.1474	124.883
0.1478	125.472
0.1482	128.472
0.1486	129.639
0.149	127.771
0.1494	129.922
0.1498	128.34
0.1502	132.99
0.1506	127.5
0.151	131.261
0.1514	131.485
0.1518	131.719
0.1522	138.816
0.1526	131.157
0.153	134.535
0.1534	135.398
0.1538	134.355
0.1542	135.607
0.1546	132.483
0.155	138.413
0.1554	140.753
0.1558	136.73
0.1562	137.187
0.1566	136.783
0.157	136.902
0.1574	143.005
0.1578	143.753
0.1582	139.503
0.1586	140.819
0.159	141.289
0.1594	144.239
0.1598	142.006
0.1602	139.385
0.1606	148.45
0.161	142.36
0.1614	143.92
0.1618	143.144
0.1622	141.625
0.1626	147.882
0.163	144.599
0.1634	151.667
0.1638	145.833
0.1642	140.637
0.1646	148.73
0.165	145.876
0.1654	149.234
0.1658	151.303
0.1662	147.28
0.1666	154.107
0.167	151.919
0.1674	160.767
0.1678	148.609
0.1682	150.919
0.1686	152.996
0.169	156.778
0.1694	148.38
0.1698	156.629
0.1702	155.407
0.1706	157.108
0.171	158.464
0.1714	160.764
0.1718	152.316
0.1722	158.88
0.1726	164.592
0.173	163.373
0.1734	159.817
0.1738	168.838
0.1742	168.716
0.1746	161.589
0.175	171.542
0.1754	158.681
0.1758	165.574
0.1762	178.715
0.1766	171.057
0.177	175.94
0.1774	173.779
0.1778	166.645
0.1782	181.284
0.1786	172.946
0.179	172.354
0.1794	169.257
0.1798	179.195
0.1802	174.811
0.1806	178.271
0.181	180.741
0.1814	178.377
0.1818	180.642
0.1822	183.779
0.1826	189.096
0.183	184.321
0.1834	179.969
0.1838	186.111
0.1842	179.78
0.1846	189.823
0.185	189.691
0.1854	188.852
0.1858	189.954
0.1862	191.715
0.1866	198.732
0.187	189.395
0.1874	190.462
0.1878	191.875
0.1882	195.655
0.1886	194.131
0.189	192.093
0.1894	201.535
0.1898	208.098
0.1902	202.927
0.1906	212.438
0.191	206.162
0.1914	199.696
0.1918	214.138
0.1922	212.664
0.1926	213.648
0.193	205.655
0.1934	217.742
0.1938	221.768
0.1942	213.117
0.1946	217.19
0.195	222.512
0.1954	211.214
0.1958	216.104
0.1962	226.788
0.1966	231.037
0.197	235.12
0.1974	229.87
0.1978	232.997
0.1982	221.4
0.1986	227.22
0.199	230.2
0.1994	226.28
0.1998	229.636
0.2002	226.37
0.2006	230.415
0.201	231.112
0.2014	231.727
0.2018	233.395
0.2022	232.489
0.2026	254.679
0.203	234.992
0.2034	244.794
0.2038	254.234
0.2042	252.754
0.2046	254.874
0.205	247.37
0.2054	254.466
0.2058	237.982
0.2062	259.806
0.2066	270.857
0.207	259.885
0.2074	267.37
0.2078	262.229
0.2082	269.578
0.2086	267.851
0.209	258.228
0.2094	268.236
0.2098	256.715
0.2102	275.454
0.2106	276.056
0.211	266.034
0.2114	283.781
0.2118	281.686
0.2122	291.724
0.2126	290.025
0.213	298.736
0.2134	296.733
0.2138	291.243
0.2142	296.53
0.2146	298.379
0.215	299.649
0.2154	305.803
0.2158	297.729
0.2162	299.116
0.2166	300.006
0.217	301.915
0.2174	302.172
0.2178	312.906
0.2182	307.377
0.2186	320.243
0.219	300.346
0.2194	309.436
0.2198	321.395
0.2202	325.919
0.2206	325.856
0.221	318.854
0.2214	332.385
0.2218	332.672
0.2222	336.712
0.2226	339.23
0.223	333.245
0.2234	342.214
0.2238	346.436
0.2242	333.87
0.2246	336.276
0.225	346.18
0.2254	341.084
0.2258	338.564
0.2262	346.883
0.2266	353.806
0.227	350.382
0.2274	359.554
0.2278	355.995
0.2282	356.07
0.2286	369.777
0.229	361.246
0.2294	361.23
0.2298	382.335
0.2302	367.903
0.2306	371.787
0.231	372.769
0.2314	381.678
0.2318	383.571
0.2322	378.327
0.2326	387.795
0.233	387.277
0.2334	387.379
0.2338	388.537
0.2342	386.776
0.2346	391.46
0.235	376.002
0.2354	388.893
0.2358	405.01
0.2362	410.789
0.2366	416.029
0.237	396.906
0.2374	410.727
0.2378	415.642
0.2382	399.35
0.2386	428.726
0.239	414.545
0.2394	427.827
0.2398	413.814
0.2402	415.411
0.2406	435.575
0.241	421.095
0.2414	432.734
0.2418	429.077
0.2422	422.182
0.2426	436.749
0.243	449
0.2434	440.558
0.2438	447.217
0.2442	431.424
0.2446	431.285
0.245	427.153
0.2454	427.76
0.2458	436.502
0.2462	444.135
0.2466	451.378
0.247	446.149
0.2474	434.382
0.2478	457.561
0.2482	440.799
0.2486	461.268
0.249	444.231
0.2494	451.361
0.2498	455.345
0.2502	462.162
0.2506	446.004
0.251	450.153
0.2514	480.249
0.2518	464.373
0.2522	443.58
0.2526	467.86
0.253	466.235
0.2534	463.32
0.2538	466.798
0.2542	472.561
0.2546	455.052
0.255	473.042
0.2554	464.689
0.2558	457.765
0.2562	459.201
0.2566	473.257
0.257	464.357
0.2574	462.451
0.2578	478.608
0.2582	456.124
0.2586	484.737
0.259	478.606
0.2594	486.023
0.2598	456.11
0.2602	471.824
0.2606	482.668
0.261	452.96
0.2614	472.552
0.2618	471.322
0.2622	469.458
0.2626	479.798
0.263	472.986
0.2634	474.969
0.2638	469.384
0.2642	483.743
0.2646	493.913
0.265	471.025
0.2654	469.043
0.2658	473.833
0.2662	464.766
0.2666	469.599
0.267	443.24
0.2674	453.713
0.2678	471.687
0.2682	441.827
0.2686	452.094
0.269	455.24
0.2694	463.185
0.2698	460.965
0.2702	455.704
0.2706	460.143
0.271	469.568
0.2714	442.301
0.2718	451.677
0.2722	456.134
0.2726	439.792
0.273	446.929
0.2734	436.441
0.2738	464.37
0.2742	446.321
0.2746	440.723
0.275	436.392
0.2754	449.896
0.2758	442.528
0.2762	426.617
0.2766	436.697
0.277	442.256
0.2774	432.608
0.2778	436.521
0.2782	438.308
0.2786	405.657
0.279	408.901
0.2794	425.833
0.2798	421.372
0.2802	418.253
0.2806	408.094
0.281	415.038
0.2814	411.865
0.2818	416.184
0.2822	431.552
0.2826	425.417
0.283	411.18
0.2834	419.303
0.2838	384.294
0.2842	412.174
0.2846	390.369
0.285	402.143
0.2854	388.886
0.2858	394.772
0.2862	392.498
0.2866	399.001
0.287	393.233
0.2874	380.629
0.2878	382.568
0.2882	387.102
0.2886	373.211
0.289	392.231
0.2894	368.749
0.2898	384.24
0.2902	361.713
0.2906	375.401
0.291	378.763
0.2914	357.827
0.2918	367.969
0.2922	352.07
0.2926	367.324
0.293	357.809
0.2934	365.419
0.2938	345.205
0.2942	358.524
0.2946	357.656
0.295	349.552
0.2954	344.175
0.2958	334.66
0.2962	338.449
0.2966	342.14
0.297	333.18
0.2974	329.124
0.2978	327.656
0.2982	325.072
0.2986	326.606
0.299	336.921
0.2994	322.515
0.2998	337.06
0.3002	326.97
0.3006	324.614
0.301	322.563
0.3014	323.428
0.3018	315.445
0.3022	333.642
0.3026	313.806
0.303	302.693
0.3034	313.202
0.3038	309.038
0.3042	298.461
0.3046	300.198
0.305	312.584
0.3054	302.472
0.3058	307.084
0.3062	294.739
0.3066	295.906
0.307	291.043
0.3074	294.606
0.3078	291.129
0.3082	283.694
0.3086	287.147
0.309	276.426
0.3094	285.789
0.3098	279.781
0.3102	283.754
0.3106	281.137
0.311	274.5
0.3114	275.073
0.3118	268.101
0.3122	269.459
0.3126	273.151
0.313	272.832
0.3134	264.629
0.3138	262.735
0.3142	255.837
0.3146	259.943
0.315	263.778
0.3154	249.901
0.3158	251.576
0.3162	251.656
0.3166	251.715
0.317	253.6
0.3174	246.458
0.3178	249.47
0.3182	238.707
0.3186	250.984
0.319	239.306
0.3194	241.727
0.3198	236.121
0.3202	239.669
0.3206	229.019
0.321	237.214
0.3214	238.293
0.3218	227.455
0.3222	226.567
0.3226	227.718
0.323	243.858
0.3234	224.991
0.3238	227.908
0.3242	224.579
0.3246	225.44
0.325	224.233
0.3254	222.946
0.3258	220.3
0.3262	223.004
0.3266	214.807
0.327	218.795
0.3274	214.403
0.3278	213.275
0.3282	217.51
0.3286	212.004
0.329	208.715
0.3294	210.319
0.3298	210.806
0.3302	207.111
0.3306	206.142
0.331	205.943
0.3314	213.844
0.3318	200.811
0.3322	199.882
0.3326	202.558
0.333	195.733
0.3334	204.344
0.3338	204.108
0.3342	199.728
0.3346	191.874
0.335	196.443
0.3354	191.321
0.3358	198.879
0.3362	186.917
0.3366	193.701
0.337	193.211
0.3374	192.791
0.3378	178.526
0.3382	186.01
0.3386	192.385
0.339	188.978
0.3394	183.805
0.3398	179.381
0.3402	185.273
0.3406	180.677
0.341	182.635
0.3414	180.066
0.3418	179.632
0.3422	175.57
0.3426	180.545
0.343	175.737
0.3434	176.579
0.3438	173.061
0.3442	179.59
0.3446	172.294
0.345	168.961
0.3454	169.195
0.3458	171.545
0.3462	173.404
0.3466	166.929
0.347	165.775
0.3474	171.706
0.3478	174.265
0.3482	163.723
0.3486	169.23
0.349	171.118
0.3494	170.446
0.3498	163.397
0.3502	164.528
0.3506	162.502
0.351	171.125
0.3514	163.935
0.3518	157.13
0.3522	161.274
0.3526	165.777
0.353	147.286
0.3534	161.921
0.3538	159.608
0.3542	156.578
0.3546	151.476
0.355	157.312
0.3554	157.035
0.3558	148.406
0.3562	147.869
0.3566	151.079
0.357	151.362
0.3574	154.892
0.3578	152.655
0.3582	151.241
0.3586	151.206
0.359	145.875
0.3594	148.107
0.3598	155.717
0.3602	148.329
0.3606	144.505
0.361	153.659
0.3614	149.362
0.3618	148.395
0.3622	139.81
0.3626	144.415
0.363	147.225
0.3634	137.347
0.3638	138.383
0.3642	144.993
0.3646	144.343
0.365	143.048
0.3654	132.404
0.3658	137.819
0.3662	143.008
0.3666	142.471
0.367	140.302
0.3674	139.231
0.3678	143.123
0.3682	142.465
0.3686	142.074
0.369	137.625
0.3694	138.22
0.3698	141.012
0.3702	134.579
0.3706	138.553
0.371	137.834
0.3714	136.549
0.3718	131.638
0.3722	130.02
0.3726	134.911
0.373	134.383
0.3734	134.307
0.3738	127.147
0.3742	129.75
0.3746	129.706
0.375	129.692
0.3754	127.095
0.3758	135.675
0.3762	130.364
0.3766	130.055
0.377	133.343
0.3774	132.036
0.3778	133.989
0.3782	131.953
0.3786	132.546
0.379	128.05
0.3794	127.755
0.3798	129.767
0.3802	126.291
0.3806	128.417
0.381	124.934
0.3814	120.988
0.3818	126.296
0.3822	123.816
0.3826	119.894
0.383	123.746
0.3834	125.333
0.3838	127.923
0.3842	124.471
0.3846	120.759
0.385	125.665
0.3854	121.134
0.3858	116.277
0.3862	124.099
0.3866	124.219
0.387	124.604
0.3874	118.249
0.3878	121.657
0.3882	126.848
0.3886	121.523
0.389	121.646
0.3894	121.308
0.3898	123.545
0.3902	124.061
0.3906	118.906
0.391	121.743
0.3914	120.899
0.3918	119.26
0.3922	123.716
0.3926	118.716
0.393	119.531
0.3934	115.229
0.3938	120.52
0.3942	118.541
0.3946	121.495
0.395	118.292
0.3954	116.539
0.3958	118.262
0.3962	115.693
0.3966	112.738
0.397	112.207
0.3974	114.604
0.3978	121.87
0.3982	114.655
0.3986	112.869
0.399	116.053
0.3994	116.975
0.3998	114.933
0.4002	112.322
0.4006	115.022
0.401	116.525
0.4014	114.372
0.4018	111.15
0.4022	109.965
0.4026	115.706
0.403	114.608
0.4034	117.292
0.4038	113.495
0.4042	114.964
0.4046	111.843
0.405	111.967
0.4054	111.58
0.4058	114.402
0.4062	111.407
0.4066	111.774
0.407	114.451
0.4074	115.008
0.4078	116.183
0.4082	116.041
0.4086	112.697
0.409	111.977
0.4094	109.415
0.4098	114.971
0.4102	115.876
0.4106	109.894
0.411	110.467
0.4114	109.937
0.4118	108.737
0.4122	108.715
0.4126	113.671
0.413	107.877
0.4134	109.704
0.4138	108.008
0.4142	108.156
0.4146	110.153
0.415	113.936
0.4154	115.993
0.4158	109.231
0.4162	111.236
0.4166	110.059
0.417	108.783
0.4174	110.668
0.4178	109.375
0.4182	107.054
0.4186	108.183
0.419	110.398
0.4194	108.995
0.4198	113.571
0.4202	110.573
0.4206	107.837
0.421	107.779
0.4214	108.652
0.4218	108.72
0.4222	112.754
0.4226	109.681
0.423	111.718
0.4234	108.81
0.4238	109.995
0.4242	106.298
0.4246	111.187
0.425	108.584
0.4254	111.708
0.4258	108.486
0.4262	107.838
0.4266	111.049
0.427	108.875
0.4274	107.048
0.4278	109.756
0.4282	107.575
0.4286	109.534
0.429	109.245
0.4294	108.237
0.4298	109.269
0.4302	105.571
0.4306	110.175
0.431	111.791
0.4314	109.176
0.4318	111.511
0.4322	112.099
0.4326	109.214
0.433	109.828
0.4334	108.632
0.4338	110.309
0.4342	115.196
0.4346	112.985
0.435	105.093
0.4354	108.257
0.4358	109.728
0.4362	107.537
0.4366	111.946
0.437	109.484
0.4374	110.32
0.4378	114.315
0.4382	108.679
0.4386	110.855
0.439	113.442
0.4394	111.907
0.4398	112.191
0.4402	107.131
0.4406	111.375
0.441	113.419
0.4414	111.056
0.4418	109.258
0.4422	109.73
0.4426	111.014
0.443	106.296
0.4434	108.965
0.4438	108.578
0.4442	111.015
0.4446	109.061
0.445	113.034
0.4454	115.868
0.4458	110.864
0.4462	114.16
0.4466	117.756
0.447	106.815
0.4474	108.984
0.4478	112.12
0.4482	116.286
0.4486	112.77
0.449	108.967
0.4494	111.984
0.4498	113.409
0.4502	116.371
0.4506	112.811
0.451	111.583
0.4514	116.136
0.4518	114.263
0.4522	111.319
0.4526	112.454
0.453	112.824
0.4534	112.132
0.4538	112.943
0.4542	110.528
0.4546	108.394
0.455	109.663
0.4554	105.79
0.4558	110.022
0.4562	102.609
0.4566	98.0055
0.457	99.9831
0.4574	96.2564
0.4578	96.0104
0.4582	93.7658
0.4586	94.7003
0.459	87.5272
0.4594	83.2626
0.4598	80.5456
0.4602	76.6233
0.4606	75.3046
0.461	75.1573
0.4614	74.5975
0.4618	66.9154
0.4622	63.4835
0.4626	63.3614
0.463	59.0675
0.4634	54.5236
0.4638	53.986
0.4642	48.1462
0.4646	48.263
0.465	47.2285
0.4654	45.1051
0.4658	40.7116
0.4662	36.7356
0.4666	37.0908
0.467	34.3067
0.4674	30.5245
0.4678	28.7022
0.4682	26.8191
0.4686	24.4167
0.469	20.6976
0.4694	18.6906
0.4698	15.5269
0.4702	14.0222
0.4706	14.7265
0.471	10.8925
0.4714	7.06233
0.4718	6.27012
0.4722	4.73347
0.4726	3.45684
0.473	3.00745
0.4734	1.30952
0.4738	0.0958381
0.4742	9.54084e-06
0.4746	5.85858e-06
0.475	7.26031e-06
0.4754	4.47374e-06
0.4758	7.88898e-06
0.4762	1.51978e-05
0.4766	4.45354e-05
0.477	2.30736e-06
0.4774	1.49384e-06
0.4778	1.72726e-05
0.4782	1.90059e-05
0.4786	2.04767e-05
0.479	6.48055e-05
0.4794	2.66873e-05
0.4798	3.16568e-05
0.4802	5.34924e-05
0.4806	3.18467e-05
0.481	9.09965e-06
0.4814	2.07671e-06
0.4818	4.90653e-05
0.4822	2.44246e-05
0.4826	1.44834e-06
0.483	7.0194e-06
0.4834	1.24322e-06
0.4838	1.40914e-05
0.4842	2.70908e-05
0.4846	1.16419e-05
0.485	4.4433e-05
0.4854	1.5404e-05
0.4858	7.06236e-06
0.4862	4.83079e-05
0.4866	3.00827e-05
0.487	6.75415e-06
0.4874	4.54777e-06
0.4878	4.20128e-06
0.4882	1.18586e-05
0.4886	5.06451e-06
0.489	9.34366e-06
0.4894	1.02298e-06
0.4898	1.57943e-05
0.4902	1.63135e-05
0.4906	5.46159e-05
0.491	2.95493e-05
0.4914	1.97082e-05
0.4918	5.7108e-05
0.4922	5.90008e-05
0.4926	5.03547e-06
0.493	2.38461e-05
0.4934	2.19194e-05
0.4938	5.33048e-06
0.4942	4.24459e-06
0.4946	0
0.495	2.85216e-05
0.4954	3.86106e-05
0.4958	3.09852e-05
0.4962	9.98055e-07
0.4966	2.12015e-05
0.497	6.88745e-06
0.4974	1.12766e-06
0.4978	2.0742e-05
0.4982	1.02528e-05
0.4986	3.41442e-07
0.499	4.33685e-06
0.4994	9.33737e-06
0.4998	1.75741e-05
